1763791631 16.25
1763791632 16.07
1763791633 16.33
1763791634 16.18
1763791635 16.91
1763791636 16.49
1763791637 16.82
1763791638 16.89
1763791639 16.89
1763791640 16.65
1763791641 16.96
1763791642 16.72
1763791643 16.67
1763791800 0.02
1763791801 0.02
1763791802 0.02
1763791803 0.02
1763791804 0.48
1763791805 0.51
1763791806 0.52
1763791807 0.52
1763791808 0.51
1763791809 0.52
1763791810 0.52
1763791811 0.52
1763791812 0.52
1763791813 0.52
1763791814 0.74
1763791828 1.39
1763791829 1.34
1763791830 1.37
1763791831 1.87
1763791832 1.87
1763791833 1.89
1763791834 1.84
1763791835 1.90
1763791836 1.85
1763791837 1.87
1763791838 1.87
1763791839 1.87
1763792462 0.01
1763792463 0.01
1763792464 0.01
1763792465 0.01
1763792466 0.01
1763792467 0.62
1763792468 0.62
1763792469 0.63
1763792470 0.63
1763792471 0.63
1763792472 0.64
1763792473 0.64
1763792474 0.64
1763792475 0.64
1763792476 0.64
1763792477 0.64
1763792478 0.82
1763792478 0.82
1763792479 1.52
1763792480 1.56
1763792481 1.52
1763792482 2.00
1763792483 2.04
1763792484 2.03
1763792485 2.03
1763792486 2.01
1763792487 2.06
1763792488 2.07
1763792489 2.07
1763792490 2.07
1763792491 2.45
1763792491 2.45
1763792492 3.03
1763792493 3.03
1763792494 3.01
1763792495 3.46
1763792496 3.57
1763792497 3.47
1763792498 3.61
1763792499 3.49
1763792500 3.59
1763792501 3.52
1763792502 3.51
1763792503 3.49
1763792504 3.57
1763792505 3.49
1763792506 3.55
1763792507 4.55
1763792508 4.55
1763792509 4.60
1763792510 4.60
1763792511 5.03
1763792512 5.06
1763792513 5.07
1763792514 5.07
1763792515 5.02
1763792516 4.98
1763792517 5.13
1763792518 5.02
1763792519 5.11
1763792519 5.88
1763792520 6.04
1763792521 6.17
1763792522 6.16
1763792523 6.49
1763792524 6.54
1763792525 6.10
1763792526 5.94
1763792527 6.12
1763792528 5.96
1763792529 5.99
1763792530 6.06
1763792531 6.01
1763792532 6.14
1763792533 6.25
1763792534 7.22
1763792535 7.09
1763792536 7.07
1763792537 7.07
1763792538 6.69
1763792539 6.72
1763792540 6.57
1763792541 6.26
1763792542 6.23
1763792543 6.19
1763792544 6.32
1763792545 6.75
1763792545 6.75
1763792546 6.95
1763792547 7.36
1763792548 7.60
1763792549 7.39
1763792550 7.52
1763792551 6.97
1763792552 7.03
1763792553 7.03
1763792554 6.54
1763792555 6.62
1763792556 6.53
1763792557 6.53
1763792558 6.52
1763792559 6.53
1763792560 6.53
1763792561 7.29
1763792561 7.29
1763792562 7.44
1763792563 7.79
1763792564 7.62
1763792565 7.73
1763792566 7.24
1763792567 7.28
1763792568 7.18
1763792569 6.80
1763792570 6.67
1763792571 6.75
1763792572 7.23
1763792572 7.23
1763792573 7.52
1763792574 7.92
1763792575 8.01
1763792576 8.04
1763792577 7.90
1763792578 7.56
1763792579 7.35
1763792580 7.35
1763792581 7.35
1763792582 6.89
1763792583 6.85
1763792584 7.04
1763792585 6.90
1763792586 8.03
1763792586 8.03
1763792587 8.03
1763792588 8.13
1763792589 8.35
1763792590 8.47
1763792591 8.44
1763792592 7.57
1763792593 7.57
1763792594 7.47
1763792595 7.33
1763792596 7.25
1763792597 7.11
1763792598 8.36
1763792599 8.41
1763792600 8.24
1763792601 8.39
1763792602 8.85
1763792603 8.29
1763792604 8.28
1763792605 7.73
1763792606 7.56
1763792607 7.77
1763792608 7.57
1763792609 6.98
1763792610 7.10
1763792611 7.62
1763792611 7.62
1763792612 8.45
1763792613 8.45
1763792614 8.46
1763792615 8.46
1763792616 8.96
1763792617 8.81
1763792618 8.84
1763792619 8.33
1763792620 8.15
1763792621 7.73
1763792622 7.73
1763792622 7.73
1763792623 7.72
1763792624 7.28
1763792625 7.07
1763792626 9.13
1763792627 9.13
1763792628 9.03
1763792629 8.98
1763792630 8.96
1763792631 8.51
1763792632 7.97
1763792633 7.78
1763792634 8.05
1763792635 7.79
1763792636 7.83
1763792637 7.83
1763792637 8.60
1763792638 8.84
1763792639 8.89
1763792640 8.78
1763792641 8.94
1763792642 9.25
1763792643 9.44
1763792644 9.23
1763792645 8.18
1763792646 8.17
1763792647 8.04
1763792647 8.04
1763792648 7.71
1763792649 7.71
1763792650 9.00
1763792651 9.18
1763792652 9.67
1763792653 9.51
1763792654 9.61
1763792655 9.35
1763792656 8.32
1763792657 8.17
1763792658 8.17
1763792659 8.22
1763792660 7.83
1763792661 7.72
1763792662 8.07
1763792663 8.70
1763792663 8.70
1763792664 8.89
1763792665 9.29
1763792666 9.29
1763792667 9.29
1763792668 9.81
1763792669 9.32
1763792670 9.19
1763792671 8.41
1763792672 8.33
1763792673 8.48
1763792674 8.00
1763792675 8.00
1763792676 7.96
1763792677 9.47
1763792678 9.68
1763792679 9.88
1763792680 9.92
1763792681 10.09
1763792682 10.01
1763792683 9.93
1763792684 10.13
1763792685 8.10
1763792686 8.08
1763792687 8.08
1763792688 9.04
1763792688 9.04
1763792689 9.25
1763792690 9.83
1763792691 9.64
1763792692 9.75
1763792693 10.30
1763792694 10.30
1763792695 9.82
1763792696 8.90
1763792697 8.95
1763792698 8.76
1763792699 8.63
1763792700 8.38
1763792701 8.25
1763792702 8.44
1763792703 8.49
1763792704 8.52
1763792701 8.25
1763792702 8.44
1763792703 8.49
1763792704 8.52
1763792705 10.25
1763792706 10.25
1763792707 10.43
1763792708 9.65
1763792709 9.44
1763792710 8.59
1763792711 8.39
1763792712 8.50
1763792713 8.30
1763792714 8.58
1763792715 8.44
1763792716 8.73
1763792717 9.90
1763792718 10.08
1763792719 10.24
1763792720 10.03
1763792721 9.98
1763792722 9.53
1763792723 9.17
1763792724 8.99
1763792725 9.23
1763792726 8.74
1763792727 8.56
1763792728 8.63
1763792729 8.63
1763792730 8.61
1763792731 8.63
1763792731 8.63
1763792732 8.74
1763792733 8.64
1763792734 8.68
1763792735 8.95
1763792736 10.12
1763792737 8.87
1763792738 8.71
1763792739 8.94
1763792740 8.89
1763792741 8.70
1763792742 8.92
1763792743 8.90
1763792744 8.65
1763792745 8.92
1763792746 7.96
1763792747 8.50
1763792748 8.94
1763792749 8.94
1763792750 9.00
1763792751 8.84
1763792752 8.93
1763792753 9.16
1763792754 8.91
1763792755 8.95
1763792756 8.76
1763792757 8.94
1763792758 8.99
1763792759 8.89
1763792760 9.12
1763792761 9.09
1763792762 9.94
1763792762 9.94
1763792763 8.73
1763792764 9.09
1763792765 8.71
1763792766 8.89
1763792767 9.08
1763792768 9.11
1763792769 9.11
1763792770 9.11
1763792771 9.02
1763792772 9.24
1763792773 8.98
1763792774 8.95
1763792775 7.63
1763792776 7.51
1763792777 7.43
1763792778 7.43
1763792778 7.43
1763792779 8.32
1763792780 8.07
1763792781 8.19
1763792782 8.35
1763792783 8.33
1763792784 8.33
1763792785 8.21
1763792786 8.25
1763792787 8.30
1763792787 8.30
1763792788 9.04
1763792789 9.34
1763792790 9.60
1763792791 9.22
1763792792 9.38
1763792793 9.30
1763792794 9.08
1763792795 7.40
1763792796 7.35
1763792797 7.48
1763792798 7.49
1763792799 8.02
1763792799 8.02
1763792800 8.46
1763792801 8.68
1763792802 8.73
1763792803 8.81
1763792804 8.80
1763792805 8.80
1763792806 8.10
1763792807 7.06
1763792808 7.08
1763792809 7.08
1763792810 6.99
1763792811 6.51
1763792812 7.08
1763792813 8.23
1763792813 8.23
1763792814 8.74
1763792815 9.05
1763792816 9.25
1763792817 8.95
1763792818 8.95
1763792819 8.91
1763792820 7.85
1763792821 7.67
1763792822 7.25
1763792823 7.25
1763792824 6.98
1763792825 6.88
1763792826 6.91
1763792827 6.93
1763792828 8.33
1763792829 8.70
1763792830 8.85
1763792831 8.86
1763792832 9.13
1763792833 9.10
1763792834 9.38
1763792835 9.20
1763792836 9.10
1763792837 8.39
1763792838 8.16
1763792839 8.02
1763792840 7.90
1763792841 8.44
1763792842 9.84
1763792843 10.08
1763792844 10.38
1763792845 10.41
1763792846 9.89
1763792847 9.89
1763792848 9.27
1763792849 9.20
1763792850 9.07
1763792851 9.37
1763792852 9.11
1763792853 9.19
1763792854 9.28
1763792854 9.28
1763792855 10.18
1763792856 10.48
1763792857 10.39
1763792858 9.88
1763792859 9.65
1763792860 9.33
1763792861 9.33
1763792862 9.22
1763792863 9.43
1763792864 9.36
1763792865 9.10
1763792866 9.28
1763792867 10.24
1763792867 10.24
1763792868 10.57
1763792869 10.29
1763792870 9.93
1763792871 9.88
1763792872 8.88
1763792873 8.59
1763792874 8.30
1763792875 8.40
1763792876 8.40
1763792877 8.33
1763792878 8.33
1763792879 8.17
1763792880 8.36
1763792881 8.35
1763792882 8.33
1763792883 8.33
1763792884 8.39
1763792885 8.39
1763792886 8.34
1763792887 8.34
1763792888 8.62
1763792889 8.62
1763792890 8.62
1763792891 8.58
1763792892 8.58
1763792893 8.75
1763792894 8.50
1763792895 8.59
1763792896 8.84
1763792897 8.71
1763792898 8.90
1763792898 8.90
1763792899 9.54
1763792900 9.32
1763792901 7.90
1763792902 7.92
1763792903 7.65
1763792904 7.46
1763792905 7.65
1763792906 7.57
1763792907 7.70
1763792908 7.75
1763792909 7.75
1763792910 7.97
1763792910 8.73
1763792911 8.73
1763792912 8.96
1763792913 8.99
1763792914 8.08
1763792915 8.10
1763792916 7.92
1763792917 7.67
1763792918 7.77
1763792919 7.61
1763792920 7.86
1763792921 7.66
1763792921 7.66
1763792922 9.06
1763792923 9.06
1763792924 9.28
1763792925 8.51
1763792926 8.26
1763792927 8.19
1763792928 8.13
1763792929 8.01
1763792930 8.15
1763792931 7.84
1763792932 7.88
1763792933 7.77
1763792934 8.26
1763792934 8.26
1763792935 9.22
1763792936 9.22
1763792937 9.34
1763792938 9.39
1763792939 9.59
1763792940 9.32
1763792941 9.62
1763792942 9.28
1763792943 9.28
1763792944 8.11
1763792945 7.97
1763792946 7.28
1763792947 7.12
1763792948 7.33
1763792949 6.80
1763808491 3.09
1763808492 3.09
1763808493 3.02
1763808494 3.02
1763808495 3.00
1763808496 3.00
1763808497 3.08
1763808498 2.99
1763808499 3.01
1763808500 3.07
1763808501 3.28
1763808502 4.38
1763808503 4.47
1763808503 4.47
1763808504 5.62
1763808505 5.62
1763808506 5.83
1763808507 5.72
1763808508 5.82
1763808509 5.78
1763808510 5.97
1763808511 5.77
1763808512 5.82
1763808513 5.82
1763808514 5.79
1763808515 5.91
1763808516 7.23
1763808517 8.03
1763808517 8.03
1763808518 8.35
1763808519 8.35
1763808520 8.35
1763808521 8.64
1763808522 8.48
1763808523 8.63
1763808524 8.49
1763808525 8.51
1763808526 8.66
1763808527 9.22
1763808528 10.30
1763808528 10.30
1763808529 10.34
1763808530 11.06
1763808531 11.15
1763808532 11.35
1763808533 11.29
1763808534 11.29
1763808535 11.14
1763808536 10.78
1763808537 11.13
1763808538 10.88
1763808539 11.21
1763808540 11.09
1763808541 11.18
1763808542 10.99
1763808543 8.35
1763808543 8.35
1763808544 8.50
1763808545 8.44
1763808546 8.58
1763808547 8.82
1763808548 8.62
1763808549 8.67
1763808550 8.34
1763808551 8.48
1763808552 8.49
1763808553 8.57
1763808554 8.91
1763808555 9.09
1763808556 10.11
1763808556 10.11
1763808557 9.95
1763808558 10.96
1763808559 11.05
1763808560 10.76
1763808561 9.85
1763808562 8.80
1763808563 8.80
1763808564 8.60
1763808565 8.35
1763808566 8.51
1763808567 8.58
1763808568 8.44
1763808569 8.59
1763808570 9.87
1763808571 10.13
1763808571 10.69
1763808572 10.94
1763808573 11.11
1763808574 9.80
1763808575 9.64
1763808576 9.04
1763808577 8.80
1763808578 8.61
1763808579 8.61
1763808580 8.77
1763808581 8.77
1763808582 9.88
1763808583 9.88
1763808583 10.58
1763808584 10.73
1763808585 10.55
1763808586 10.55
1763808587 9.55
1763808588 8.93
1763808589 8.75
1763808590 8.56
1763808591 8.85
1763808592 8.62
1763808593 8.59
1763808594 8.59
1763808595 8.70
1763808596 9.63
1763808597 9.63
1763808598 10.84
1763808598 10.84
1763808599 10.84
1763808600 11.24
1763808601 11.41
1763808602 11.42
1763808603 11.69
1763808604 11.35
1763808605 11.25
1763808606 11.31
1763808607 11.12
1763808608 12.36
1763808609 12.74
1763808609 12.74
1763808610 13.69
1763808611 13.76
1763808612 14.03
1763808613 14.09
1763808614 13.01
1763808615 12.65
1763808616 11.77
1763808617 11.77
1763808618 11.44
1763808619 11.54
1763808620 11.63
1763808621 11.44
1763808622 11.94
1763808623 12.15
1763808624 13.09
1763808625 14.03
1763808625 14.03
1763808626 14.10
1763808627 12.97
1763808628 13.26
1763808629 12.95
1763808630 12.22
1763808631 12.08
1763808632 11.67
1763808633 12.06
1763808634 11.72
1763808635 11.89
1763808636 11.89
1763808637 11.82
1763808638 13.95
1763808638 13.95
1763808639 13.95
1763808640 13.31
1763808641 13.31
1763808642 12.35
1763808643 11.91
1763808644 11.91
1763808645 11.75
1763808646 11.49
1763808647 11.70
1763808648 11.66
1763808649 11.69
1763808650 11.78
1763808651 11.78
1763808652 11.75
1763808653 11.99
1763808654 11.59
1763808654 11.59
1763808655 10.72
1763808656 9.77
1763808657 9.77
1763808658 9.43
1763808659 9.27
1763808660 9.10
1763808661 9.09
1763808662 9.17
1763808663 9.03
1763808664 9.33
1763808665 9.92
1763808666 10.06
1763808666 11.16
1763808667 11.16
1763808668 9.35
1763808669 9.38
1763808670 9.20
1763808671 8.95
1763808672 8.69
1763808673 8.92
1763808674 8.63
1763808675 8.83
1763808676 8.84
1763808677 8.84
1763808678 8.71
1763808679 8.43
1763808680 8.42
1763808681 8.61
1763808682 8.71
1763808683 8.71
1763808683 8.71
1763808684 8.81
1763808685 8.62
1763808686 8.62
1763808687 8.62
1763808688 8.54
1763808689 8.54
1763808690 8.60
1763808691 8.43
1763808692 8.67
1763808693 8.47
1763808694 8.47
1763808695 7.34
1763808696 7.58
1763808697 8.52
1763808697 8.52
1763808698 8.56
1763808699 8.56
1763808700 8.71
1763808701 8.71
1763808702 8.66
1763808703 8.64
1763808704 8.64
1763808705 8.63
1763808706 8.57
1763808707 8.72
1763808708 8.64
1763808709 8.64
1763808710 8.72
1763808711 8.57
1763808712 8.61
1763808713 8.61
1763808714 8.66
1763808715 8.67
1763808716 8.67
1763808717 8.49
1763808718 8.74
1763808719 8.55
1763808720 8.48
1763808721 8.66
1763808722 8.51
1763808723 7.88
1763808724 7.67
1763808725 7.25
1763808726 7.75
1763808727 8.31
1763808727 8.31
1763808728 8.26
1763808729 8.79
1763808730 8.79
1763808731 8.82
1763808732 8.96
1763808733 8.83
1763808734 8.94
1763808735 8.79
1763808736 8.94
1763808737 8.68
1763808738 8.95
1763808739 8.74
1763808740 9.24
1763808741 8.34
1763808742 8.13
1763808742 8.13
1763808743 8.15
1763808744 8.89
1763808745 8.87
1763808746 9.16
1763808747 8.91
1763808748 9.06
1763808749 8.94
1763808750 9.02
1763808751 9.23
1763808752 10.02
1763808753 10.21
1763808754 9.28
1763808754 10.50
1763808755 9.66
1763808756 9.66
1763808757 9.33
1763808758 9.16
1763808759 9.16
1763808760 9.20
1763808761 8.97
1763808762 9.05
1763808763 9.27
1763808764 9.08
1763808765 9.09
1763808766 9.24
1763808767 9.14
1763808768 9.79
1763808769 10.77
1763808770 11.07
1763808770 11.07
1763808771 11.81
1763808772 12.00
1763808773 11.87
1763808774 11.75
1763808775 11.82
1763808776 11.85
1763808777 11.90
1763808778 11.79
1763808779 11.91
1763808780 13.08
1763808781 13.93
1763808781 13.93
1763808782 14.32
1763808783 14.54
1763808784 14.06
1763808785 13.42
1763808786 12.58
1763808787 12.01
1763808788 11.96
1763808789 12.29
1763808790 11.92
1763808791 12.06
1763808792 12.06
1763808793 12.02
1763808794 12.07
1763808795 11.74
1763808796 12.09
1763808797 12.04
1763808797 12.04
1763808798 11.81
1763808799 11.32
1763808800 10.37
1763808801 10.21
1763808802 9.40
1763808803 9.21
1763808804 9.17
1763808805 9.13
1763808806 9.29
1763808807 9.22
1763808808 8.98
1763808809 9.03
1763808809 9.03
1763808810 7.92
1763808811 8.12
1763808812 7.06
1763808813 6.92
1763808814 6.60
1763808815 6.53
1763808816 6.32
1763808817 6.46
1763808818 6.46
1763808819 6.34
1763808820 6.38
1763808821 6.52
1763808822 6.48
1763808823 6.37
1763808823 6.37
1763808824 6.43
1763808825 6.48
1763808826 6.37
1763808827 5.98
1763808828 4.75
1763808829 4.01
1763808830 3.89
1763808831 3.71
1763808832 3.71
1763808833 5.06
1763808834 5.20
1763808834 5.20
1763808835 6.22
1763808836 6.41
1763808837 6.57
1763808838 5.43
1763808839 5.33
1763808840 4.44
1763808841 3.87
1763808842 3.87
1763808843 3.61
1763808844 3.63
1763808845 3.53
1763808846 3.60
1763808847 3.60
1763808848 3.62
1763808849 5.15
1763808849 5.15
1763808850 6.15
1763808851 6.33
1763808852 6.33
1763808853 6.45
1763808854 6.49
1763808855 6.58
1763808856 6.41
1763808857 6.54
1763808858 6.19
1763808859 6.29
1763808860 6.32
1763808861 7.44
1763808862 7.59
1763808863 7.68
1763808863 8.94
1763808864 8.94
1763808865 9.16
1763808866 9.46
1763808867 9.15
1763808868 9.32
1763808869 9.21
1763808870 9.01
1763808871 9.02
1763808872 8.77
1763808873 9.05
1763808874 9.47
1763808875 9.64
1763808876 10.92
1763808876 10.92
1763808877 11.44
1763808878 11.64
1763808879 11.81
1763808880 12.14
1763808881 11.73
1763808882 11.80
1763808883 11.57
1763808884 11.71
1763808885 11.65
1763808886 11.65
1763808887 11.62
1763808888 12.73
1763808889 12.73
1763808890 13.78
1763808890 13.78
1763808891 12.82
1763808892 13.09
1763808893 11.96
1763808894 11.96
1763808895 11.72
1763808896 11.46
1763808897 11.41
1763808898 11.58
1763808899 11.58
1763808900 11.50
1763808901 12.55
1763808902 12.55
1763808903 13.44
1763808903 13.44
1763808904 14.36
1763808905 13.09
1763808906 13.18
1763808907 13.46
1763808908 12.90
1763808909 12.12
1763808910 11.89
1763808911 11.66
1763808912 11.90
1763808913 11.82
1763808914 12.00
1763808915 13.23
1763808916 14.07
1763808916 14.07
1763808917 14.44
1763808918 14.70
1763808919 14.53
1763808920 13.77
1763808921 12.21
1763808922 12.07
1763808923 12.14
1763808924 11.79
1763808925 12.19
1763808926 11.88
1763808927 12.04
1763808928 11.73
1763808929 12.15
1763808930 12.62
1763808931 12.98
1763808932 13.67
1763808932 13.67
1763808933 14.15
1763808934 13.27
1763808935 13.09
1763808936 12.60
1763808937 12.30
1763808938 12.07
1763808939 12.25
1763808940 12.25
1763808941 12.23
1763808942 12.16
1763808943 12.47
1763808944 12.16
1763808945 11.14
1763808946 11.67
1763808947 11.67
1763808948 11.53
1763808949 12.13
1763808949 12.13
1763808950 11.84
1763808951 12.16
1763808952 12.37
1763808953 12.34
1763808954 12.34
1763808955 12.35
1763808956 12.42
1763808957 12.38
1763808958 12.50
1763808959 12.21
1763808960 11.54
1763808961 10.55
1763808962 10.55
1763808962 10.55
1763808963 9.64
1763808964 9.50
1763808965 10.27
1763808966 10.56
1763808967 12.38
1763808968 12.59
1763808969 12.59
1763808970 12.55
1763808971 11.26
1763808972 11.10
1763808973 11.14
1763808974 11.14
1763808975 10.67
1763808976 10.79
1763808977 10.95
1763808978 11.85
1763808979 12.40
1763808980 12.40
1763808981 12.67
1763808982 12.74
1763808983 12.74
1763808984 12.66
1763808985 12.88
1763808986 12.86
1763808987 12.61
1763808988 12.13
1763808989 11.73
1763808990 11.24
1763808991 11.24
1763808992 11.62
1763808993 12.26
1763808993 12.26
1763808994 12.26
1763808995 12.74
1763808996 12.40
1763808997 12.64
1763808998 12.47
1763808999 12.76
1763809000 12.74
1763809001 12.74
1763809002 12.72
1763809003 12.44
1763809004 12.52
1763809005 12.19
1763809006 11.29
1763809007 11.78
1763809008 11.17
1763809009 11.74
1763809010 11.74
1763809010 11.74
1763809011 12.32
1763809012 12.61
1763809013 12.68
1763809014 12.42
1763809015 12.90
1763809016 12.50
1763809017 12.74
1763809018 12.56
1763809019 12.89
1763809020 12.52
1763809021 11.80
1763809022 12.81
1763809023 13.20
1763809024 14.01
1763809024 14.01
1763809025 12.58
1763809026 12.58
1763809027 12.87
1763809028 12.92
1763809029 12.92
1763809030 12.92
1763809031 12.58
1763809032 12.87
1763809033 12.56
1763809034 12.31
1763809035 11.51
1763809036 10.61
1763809037 10.28
1763809038 10.02
1763809039 9.75
1763809040 10.33
1763809041 11.10
1763809042 11.41
1763809043 11.14
1763809043 12.18
1763809044 12.65
1763809045 13.06
1763809046 12.84
1763809047 13.05
1763809048 12.79
1763809049 13.06
1763809050 11.15
1763809051 10.86
1763809052 10.25
1763809053 10.03
1763809054 10.03
1763809055 11.25
1763809056 12.07
1763809056 12.07
1763809057 12.28
1763809058 12.89
1763809059 12.86
1763809060 12.94
1763809061 12.94
1763809062 12.84
1763809063 12.88
1763809064 12.88
1763809065 12.87
1763809066 12.09
1763809067 10.97
1763809068 10.97
1763809069 10.18
1763809070 10.52
1763809070 10.52
1763809071 10.66
1763809072 12.92
1763809073 13.19
1763809074 13.21
1763809075 12.94
1763809076 13.20
1763809077 13.13
1763809078 13.14
1763809079 13.14
1763809080 12.03
1763809081 11.82
1763809082 10.80
1763809083 10.59
1763809084 10.44
1763809085 11.24
1763809086 11.24
1763809087 12.15
1763809088 12.57
1763809089 12.57
1763809090 12.83
1763809091 12.80
1763809092 12.83
1763809093 12.83
1763809094 12.69
1763809095 12.87
1763809096 12.63
1763809097 14.05
1763809098 14.27
1763809099 14.55
1763809100 14.09
1763809101 13.50
1763809102 13.12
1763809103 13.00
1763809104 12.60
1763809105 12.77
1763809106 12.77
1763809107 12.65
1763809108 12.68
1763809109 12.90
1763809110 12.69
1763809111 12.51
1763809112 13.00
1763809113 11.87
1763809114 13.08
1763809114 13.08
1763809115 13.16
1763809116 12.91
1763809117 12.91
1763809118 12.55
1763809119 12.82
1763809120 12.83
1763809121 12.54
1763809122 12.84
1763809123 12.78
1763809124 12.46
1763809125 12.78
1763809126 13.27
1763809127 14.08
1763809128 14.08
1763809128 14.08
1763809129 14.48
1763809130 13.95
1763809131 13.79
1763809132 12.85
1763809133 12.44
1763809134 12.70
1763809135 12.62
1763809136 12.62
1763809137 12.59
1763809138 12.43
1763809139 12.65
1763809140 12.54
1763809141 12.29
1763809142 12.52
1763809143 11.98
1763809144 11.23
1763809145 10.17
1763809145 10.17
1763809146 9.99
1763809147 9.71
1763809148 9.72
1763809149 9.55
1763809150 9.76
1763809151 9.68
1763809152 9.65
1763809153 9.81
1763809154 9.60
1763809155 9.95
1763809156 8.69
1763809157 8.45
1763809158 8.31
1763809159 9.13
1763809160 9.57
1763809161 9.82
1763809162 10.05
1763809163 9.76
1763809164 9.70
1763809165 9.98
1763809166 9.78
1763809167 9.83
1763809168 9.31
1763809169 9.47
1763809170 9.37
1763809171 9.37
1763809172 8.34
1763809173 9.32
1763809174 8.52
1763809175 9.13
1763809175 9.13
1763809176 9.94
1763809177 9.97
1763809178 10.27
1763809179 9.99
1763809180 9.94
1763809181 10.14
1763809182 9.89
1763809183 9.97
1763809184 9.65
1763809185 9.35
1763809186 8.75
1763809187 8.05
1763809188 8.05
1763809189 8.45
1763809190 8.48
1763809190 8.48
1763809191 9.76
1763809192 9.91
1763809193 10.23
1763809194 10.05
1763809195 10.37
1763809196 10.15
1763809197 10.21
1763809198 10.36
1763809199 10.23
1763809200 10.19
1763809201 10.47
1763809202 10.18
1763809203 10.14
1763809204 10.31
1763809205 10.61
1763809205 10.61
1763809206 11.41
1763809207 11.44
1763809208 13.21
1763809209 13.64
1763809210 13.21
1763809211 13.20
1763809212 13.54
1763809213 13.23
1763809214 13.05
1763809215 12.15
1763809216 11.93
1763809217 10.84
1763809218 10.84
1763809219 10.15
1763809220 10.90
1763809221 11.22
1763809222 12.04
1763809223 12.92
1763809223 12.92
1763809224 13.11
1763809225 13.32
1763809226 13.42
1763809227 13.41
1763809228 13.32
1763809229 13.26
1763809230 13.30
1763809231 13.07
1763809232 11.93
1763809233 11.09
1763809234 11.09
1763809235 10.33
1763809236 10.12
1763809237 12.03
1763809238 12.52
1763809238 12.52
1763809239 13.11
1763809240 13.19
1763809241 13.43
1763809242 13.31
1763809243 13.74
1763809244 13.40
1763809245 13.02
1763809246 13.05
1763809247 12.13
1763809248 11.87
1763809249 10.96
1763809250 10.66
1763809251 10.65
1763809252 10.62
1763809253 11.56
1763809254 12.47
1763809255 12.47
1763809255 12.96
1763809256 13.26
1763809257 13.48
1763809258 13.44
1763809259 13.64
1763809260 13.69
1763809261 13.29
1763809262 13.48
1763809263 13.52
1763809264 13.15
1763809265 12.92
1763809266 12.07
1763809267 13.07
1763809268 13.42
1763809269 13.42
1763809270 13.56
1763809271 13.62
1763809272 13.38
1763809273 13.69
1763809274 13.69
1763809275 13.61
1763809276 13.59
1763809277 12.64
1763809278 12.60
1763809279 12.68
1763809280 11.61
1763809281 11.42
1763809282 10.86
1763809283 10.81
1763809284 11.52
1763809285 11.41
1763809286 12.78
1763809286 12.78
1763809287 13.37
1763809288 13.65
1763809289 13.71
1763809290 13.38
1763809291 13.67
1763809292 13.66
1763809293 13.78
1763809294 13.57
1763809295 13.59
1763809296 12.16
1763809297 12.21
1763809298 12.46
1763809299 12.53
1763809299 12.53
1763809300 13.24
1763809301 13.61
1763809302 13.95
1763809303 13.58
1763809304 14.02
1763809305 13.66
1763809306 13.92
1763809307 13.92
1763809308 13.91
1763809309 13.68
1763809310 13.36
1763809311 12.67
1763809312 12.24
1763809313 11.58
1763809314 11.85
1763809315 11.66
1763809316 12.74
1763809316 12.74
1763809317 13.71
1763809318 14.05
1763809319 13.65
1763809320 13.80
1763809321 13.70
1763809322 13.82
1763809323 13.82
1763809324 12.92
1763809325 12.10
1763809326 11.71
1763809327 10.85
1763809328 10.58
1763809329 11.11
1763809330 11.33
1763809331 12.44
1763809332 13.24
1763809332 13.24
1763809333 13.57
1763809334 13.64
1763809335 14.14
1763809336 13.71
1763809337 13.89
1763809338 13.60
1763809339 13.45
1763809340 13.68
1763809341 13.46
1763809342 12.80
1763809343 12.44
1763809344 11.22
1763809345 11.22
1763809346 13.19
1763809346 13.19
1763809347 13.36
1763809348 13.47
1763809349 13.74
1763809350 13.98
1763809351 13.79
1763809352 13.70
1763809353 13.70
1763809354 13.65
1763809355 13.23
1763809356 12.70
1763809357 11.79
1763809358 10.82
1763809359 10.82
1763809360 10.40
1763809361 10.16
1763809362 10.43
1763809363 10.39
1763809364 10.39
1763809365 10.48
1763809366 10.41
1763809367 10.59
1763809368 10.63
1763809369 10.63
1763809370 10.67
1763809371 10.48
1763809372 9.43
1763809373 9.43
1763809373 9.43
1763809374 8.20
1763809375 7.98
1763809376 7.29
1763809377 10.64
1763809378 10.44
1763809379 10.64
1763809380 10.57
1763809381 10.43
1763809382 10.73
1763809383 10.51
1763809384 10.70
1763809385 10.52
1763809386 10.65
1763809387 10.42
1763809388 9.67
1763809389 8.52
1763809390 8.52
1763809391 8.66
1763809392 9.13
1763809393 9.13
