1763808504 1070231552.00
1763808505 1070231552.00
1763808506 1069854720.00
1763808507 1069834240.00
1763808508 1069834240.00
1763808509 1069834240.00
1763808510 1069834240.00
1763808511 1069842432.00
1763808512 1069830144.00
1763808513 1069830144.00
1763808514 1069830144.00
1763808515 1069830144.00
1763808516 1070481408.00
1763808517 1070010368.00
1763808517 1070010368.00
1763808518 1069600768.00
1763808519 1069600768.00
1763808520 1069604864.00
1763808521 1069604864.00
1763808522 1069596672.00
1763808523 1069596672.00
1763808524 1069596672.00
1763808525 1069764608.00
1763808526 1069764608.00
1763808527 1070264320.00
1763808528 1070354432.00
1763808528 1070354432.00
1763808529 1070354432.00
1763808530 1069916160.00
1763808531 1070075904.00
1763808532 1070075904.00
1763808533 1070174208.00
1763808534 1070174208.00
1763808535 1070706688.00
1763808536 1070571520.00
1763808537 1070571520.00
1763808538 1070571520.00
1763808539 1070571520.00
1763808540 1070571520.00
1763808541 1070571520.00
1763808542 1070571520.00
1763808543 1070571520.00
1763808543 1070571520.00
1763808544 1070571520.00
1763808545 1070514176.00
1763808546 1070493696.00
1763808547 1070493696.00
1763808548 1070456832.00
1763808549 1070587904.00
1763808550 1070444544.00
1763808551 1070444544.00
1763808552 1070444544.00
1763808553 1070444544.00
1763808554 1070870528.00
1763808555 1070870528.00
1763808556 1073356800.00
1763808556 1073356800.00
1763808557 1073356800.00
1763808558 1072611328.00
1763808559 1072762880.00
1763808560 1072599040.00
1763808561 1072599040.00
1763808562 1072599040.00
1763808563 1072599040.00
1763808564 1072599040.00
1763808565 1072566272.00
1763808566 1072566272.00
1763808567 1072566272.00
1763808568 1072566272.00
1763808569 1072566272.00
1763808570 1073278976.00
1763808571 1073278976.00
1763808571 1073242112.00
1763808572 1073242112.00
1763808573 1072943104.00
1763808574 1072943104.00
1763808575 1072619520.00
1763808576 1072619520.00
1763808577 1072611328.00
1763808578 1072611328.00
1763808579 1072611328.00
1763808580 1073274880.00
1763808581 1073274880.00
1763808582 1073201152.00
1763808583 1073201152.00
1763808583 1073180672.00
1763808584 1073180672.00
1763808585 1072803840.00
1763808586 1072803840.00
1763808587 1072701440.00
1763808588 1072791552.00
1763808589 1072664576.00
1763808590 1072664576.00
1763808591 1072664576.00
1763808592 1072656384.00
1763808593 1072656384.00
1763808594 1072656384.00
1763808595 1072787456.00
1763808596 1073045504.00
1763808597 1073045504.00
1763808598 1073197056.00
1763808598 1073197056.00
1763808599 1073197056.00
1763808600 1072807936.00
1763808601 1073078272.00
1763808602 1072816128.00
1763808603 1072816128.00
1763808604 1072934912.00
1763808605 1072934912.00
1763808606 1072807936.00
1763808607 1072807936.00
1763808608 1073233920.00
1763808609 1073233920.00
1763808609 1073233920.00
1763808610 1073410048.00
1763808611 1072979968.00
1763808612 1072979968.00
1763808613 1072951296.00
1763808614 1072951296.00
1763808615 1072979968.00
1763808616 1072934912.00
1763808617 1072934912.00
1763808618 1072812032.00
1763808619 1072812032.00
1763808620 1072812032.00
1763808621 1072812032.00
1763808622 1073242112.00
1763808623 1073242112.00
1763808624 1073500160.00
1763808625 1073455104.00
1763808625 1073455104.00
1763808626 1073184768.00
1763808627 1073184768.00
1763808628 1073319936.00
1763808629 1073004544.00
1763808630 1072955392.00
1763808631 1072955392.00
1763808632 1072955392.00
1763808633 1072955392.00
1763808634 1072955392.00
1763808635 1072955392.00
1763808636 1072955392.00
1763808637 1072955392.00
1763808638 1073717248.00
1763808638 1073717248.00
1763808639 1073717248.00
1763808640 1073451008.00
1763808641 1073451008.00
1763808642 1072988160.00
1763808643 1072951296.00
1763808644 1072951296.00
1763808645 1072951296.00
1763808646 1072951296.00
1763808647 1072951296.00
1763808648 1072951296.00
1763808649 1072951296.00
1763808650 1072951296.00
1763808651 1072951296.00
1763808652 1072873472.00
1763808653 1072873472.00
1763808654 1072873472.00
1763808654 1072873472.00
1763808655 1072861184.00
1763808656 1073012736.00
1763808657 1073012736.00
1763808658 1072824320.00
1763808659 1072824320.00
1763808660 1072807936.00
1763808661 1072807936.00
1763808662 1072787456.00
1763808663 1072787456.00
1763808664 1072787456.00
1763808665 1074012160.00
1763808666 1074012160.00
1763808666 1073827840.00
1763808667 1073827840.00
1763808668 1072750592.00
1763808669 1072865280.00
1763808670 1072865280.00
1763808671 1072701440.00
1763808672 1072701440.00
1763808673 1072701440.00
1763808674 1072701440.00
1763808675 1072701440.00
1763808676 1072701440.00
1763808677 1072701440.00
1763808678 1072680960.00
1763808679 1072680960.00
1763808680 1072603136.00
1763808681 1073393664.00
1763808682 1073061888.00
1763808683 1073061888.00
1763808683 1073061888.00
1763808684 1072730112.00
1763808685 1072730112.00
1763808686 1072750592.00
1763808687 1072750592.00
1763808688 1072709632.00
1763808689 1072709632.00
1763808690 1072709632.00
1763808691 1072709632.00
1763808692 1072709632.00
1763808693 1072660480.00
1763808694 1072648192.00
1763808695 1073197056.00
1763808696 1073197056.00
1763808697 1073176576.00
1763808697 1073176576.00
1763808698 1072873472.00
1763808699 1072873472.00
1763808700 1072766976.00
1763808701 1072766976.00
1763808702 1072861184.00
1763808703 1072738304.00
1763808704 1072738304.00
1763808705 1072738304.00
1763808706 1072738304.00
1763808707 1072738304.00
1763808708 1072738304.00
1763808709 1072738304.00
1763808710 1072738304.00
1763808711 1072738304.00
1763808712 1072738304.00
1763808713 1072738304.00
1763808714 1072869376.00
1763808715 1072898048.00
1763808716 1072873472.00
1763808717 1072742400.00
1763808718 1072742400.00
1763808719 1072742400.00
1763808720 1072697344.00
1763808721 1072697344.00
1763808722 1072697344.00
1763808723 1072697344.00
1763808724 1072701440.00
1763808725 1073188864.00
1763808726 1073340416.00
1763808727 1073410048.00
1763808727 1073410048.00
1763808728 1073410048.00
1763808729 1072955392.00
1763808730 1072955392.00
1763808731 1072807936.00
1763808732 1072807936.00
1763808733 1072807936.00
1763808734 1072807936.00
1763808735 1072807936.00
1763808736 1072807936.00
1763808737 1072807936.00
1763808738 1072807936.00
1763808739 1072803840.00
1763808740 1073483776.00
1763808741 1073483776.00
1763808742 1073414144.00
1763808742 1073414144.00
1763808743 1073414144.00
1763808744 1072967680.00
1763808745 1072852992.00
1763808746 1072852992.00
1763808747 1072852992.00
1763808748 1072852992.00
1763808749 1072840704.00
1763808750 1072840704.00
1763808751 1072840704.00
1763808752 1073668096.00
1763808753 1073668096.00
1763808754 1073668096.00
1763808754 1073401856.00
1763808755 1072857088.00
1763808756 1072857088.00
1763808757 1073152000.00
1763808758 1072996352.00
1763808759 1072996352.00
1763808760 1072861184.00
1763808761 1072992256.00
1763808762 1072861184.00
1763808763 1072861184.00
1763808764 1072861184.00
1763808765 1072861184.00
1763808766 1072861184.00
1763808767 1072857088.00
1763808768 1073397760.00
1763808769 1073221632.00
1763808770 1073221632.00
1763808770 1073221632.00
1763808771 1073078272.00
1763808772 1073078272.00
1763808773 1073053696.00
1763808774 1073053696.00
1763808775 1073053696.00
1763808776 1073057792.00
1763808777 1073057792.00
1763808778 1073057792.00
1763808779 1073057792.00
1763808780 1074057216.00
1763808781 1073680384.00
1763808781 1073680384.00
1763808782 1073680384.00
1763808783 1073123328.00
1763808784 1073291264.00
1763808785 1073291264.00
1763808786 1073250304.00
1763808787 1073082368.00
1763808788 1073082368.00
1763808789 1073082368.00
1763808790 1073082368.00
1763808791 1073065984.00
1763808792 1073065984.00
1763808793 1073061888.00
1763808794 1073061888.00
1763808795 1073061888.00
1763808796 1073061888.00
1763808797 1073020928.00
1763808797 1073020928.00
1763808798 1072979968.00
1763808799 1072975872.00
1763808800 1072975872.00
1763808801 1072947200.00
1763808802 1072930816.00
1763808803 1072930816.00
1763808804 1072930816.00
1763808805 1072930816.00
1763808806 1072930816.00
1763808807 1072930816.00
1763808808 1072930816.00
1763808809 1072807936.00
1763808809 1072807936.00
1763808810 1072787456.00
1763808811 1072824320.00
1763808812 1072824320.00
1763808813 1072922624.00
1763808814 1072787456.00
1763808815 1072787456.00
1763808816 1072799744.00
1763808817 1072799744.00
1763808818 1072787456.00
1763808819 1072787456.00
1763808820 1072787456.00
1763808821 1072787456.00
1763808822 1072787456.00
1763808823 1072787456.00
1763808823 1072787456.00
1763808824 1072787456.00
1763808825 1072787456.00
1763808826 1072787456.00
1763808827 1072676864.00
1763808828 1072783360.00
1763808829 1072783360.00
1763808830 1072656384.00
1763808831 1073086464.00
1763808832 1073086464.00
1763808833 1073655808.00
1763808834 1073655808.00
1763808834 1073655808.00
1763808835 1073180672.00
1763808836 1073180672.00
1763808837 1073078272.00
1763808838 1072832512.00
1763808839 1072832512.00
1763808840 1072660480.00
1763808841 1072660480.00
1763808842 1072660480.00
1763808843 1072644096.00
1763808844 1072644096.00
1763808845 1072644096.00
1763808846 1072644096.00
1763808847 1072644096.00
1763808848 1072644096.00
1763808849 1073606656.00
1763808849 1073606656.00
1763808850 1072812032.00
1763808851 1072812032.00
1763808852 1072795648.00
1763808853 1072795648.00
1763808854 1072795648.00
1763808855 1072795648.00
1763808856 1072795648.00
1763808857 1072795648.00
1763808858 1072787456.00
1763808859 1072787456.00
1763808860 1073352704.00
1763808861 1073598464.00
1763808862 1073598464.00
1763808863 1073598464.00
1763808863 1073991680.00
1763808864 1073991680.00
1763808865 1073446912.00
1763808866 1073446912.00
1763808867 1073303552.00
1763808868 1073303552.00
1763808869 1073303552.00
1763808870 1073303552.00
1763808871 1073430528.00
1763808872 1073291264.00
1763808873 1073291264.00
1763808874 1073729536.00
1763808875 1073729536.00
1763808876 1073532928.00
1763808876 1073532928.00
1763808877 1073594368.00
1763808878 1073594368.00
1763808879 1073176576.00
1763808880 1073176576.00
1763808881 1073119232.00
1763808882 1073119232.00
1763808883 1073119232.00
1763808884 1073119232.00
1763808885 1073119232.00
1763808886 1073119232.00
1763808887 1073119232.00
1763808888 1073565696.00
1763808889 1073565696.00
1763808890 1073778688.00
1763808890 1073778688.00
1763808891 1073778688.00
1763808892 1073901568.00
1763808893 1073352704.00
1763808894 1073352704.00
1763808895 1073180672.00
1763808896 1073168384.00
1763808897 1073160192.00
1763808898 1073131520.00
1763808899 1073131520.00
1763808900 1073127424.00
1763808901 1073647616.00
1763808902 1073647616.00
1763808903 1073950720.00
1763808903 1073950720.00
1763808904 1073991680.00
1763808905 1073991680.00
1763808906 1073242112.00
1763808907 1073242112.00
1763808908 1073172480.00
1763808909 1073172480.00
1763808910 1073172480.00
1763808911 1073172480.00
1763808912 1073172480.00
1763808913 1073172480.00
1763808914 1073172480.00
1763808915 1073577984.00
1763808916 1073491968.00
1763808916 1073491968.00
1763808917 1073082368.00
1763808918 1073082368.00
1763808919 1073217536.00
1763808920 1073217536.00
1763808921 1073074176.00
1763808922 1073000448.00
1763808923 1073000448.00
1763808924 1073000448.00
1763808925 1073000448.00
1763808926 1073000448.00
1763808927 1073000448.00
1763808928 1072984064.00
1763808929 1072984064.00
1763808930 1073610752.00
1763808931 1073610752.00
1763808932 1073881088.00
1763808932 1073881088.00
1763808933 1073262592.00
1763808934 1073262592.00
1763808935 1073000448.00
1763808936 1073000448.00
1763808937 1072996352.00
1763808938 1072984064.00
1763808939 1072984064.00
1763808940 1072984064.00
1763808941 1072984064.00
1763808942 1072984064.00
1763808943 1072984064.00
1763808944 1072984064.00
1763808945 1072984064.00
1763808946 1073471488.00
1763808947 1073471488.00
1763808948 1073623040.00
1763808949 1073348608.00
1763808949 1073348608.00
1763808950 1073348608.00
1763808951 1073012736.00
1763808952 1073029120.00
1763808953 1073139712.00
1763808954 1073139712.00
1763808955 1073139712.00
1763808956 1073139712.00
1763808957 1073012736.00
1763808958 1073012736.00
1763808959 1072979968.00
1763808960 1072979968.00
1763808961 1072881664.00
1763808962 1072881664.00
1763808962 1072881664.00
1763808963 1072881664.00
1763808964 1072881664.00
1763808965 1073397760.00
1763808966 1073397760.00
1763808967 1073143808.00
1763808968 1073012736.00
1763808969 1073012736.00
1763808970 1073029120.00
1763808971 1073029120.00
1763808972 1073020928.00
1763808973 1072902144.00
1763808974 1072902144.00
1763808975 1073467392.00
1763808976 1073258496.00
1763808977 1073258496.00
1763808978 1073721344.00
1763808979 1073020928.00
1763808980 1073020928.00
1763808981 1073278976.00
1763808982 1073016832.00
1763808983 1073016832.00
1763808984 1073016832.00
1763808985 1073016832.00
1763808986 1073016832.00
1763808987 1073020928.00
1763808988 1073020928.00
1763808989 1072914432.00
1763808990 1073614848.00
1763808991 1073614848.00
1763808992 1073496064.00
1763808993 1073659904.00
1763808993 1073659904.00
1763808994 1073659904.00
1763808995 1073111040.00
1763808996 1073045504.00
1763808997 1073045504.00
1763808998 1073164288.00
1763808999 1073164288.00
1763809000 1073020928.00
1763809001 1073020928.00
1763809002 1073291264.00
1763809003 1073025024.00
1763809004 1073025024.00
1763809005 1073025024.00
1763809006 1072893952.00
1763809007 1073840128.00
1763809008 1073840128.00
1763809009 1074114560.00
1763809010 1074114560.00
1763809010 1074114560.00
1763809011 1073147904.00
1763809012 1073147904.00
1763809013 1073295360.00
1763809014 1073143808.00
1763809015 1073143808.00
1763809016 1073143808.00
1763809017 1073143808.00
1763809018 1073029120.00
1763809019 1073029120.00
1763809020 1072992256.00
1763809021 1072992256.00
1763809022 1073602560.00
1763809023 1073602560.00
1763809024 1073664000.00
1763809024 1073664000.00
1763809025 1073467392.00
1763809026 1073467392.00
1763809027 1073483776.00
1763809028 1073340416.00
1763809029 1073340416.00
1763809030 1073336320.00
1763809031 1073336320.00
1763809032 1073336320.00
1763809033 1073336320.00
1763809034 1073201152.00
1763809035 1073192960.00
1763809036 1073192960.00
1763809037 1073192960.00
1763809038 1073192960.00
1763809039 1073631232.00
1763808504 1070231552.00
1763808505 1070231552.00
1763808506 1069854720.00
1763808507 1069834240.00
1763808508 1069834240.00
1763808509 1069834240.00
1763808510 1069834240.00
1763808511 1069842432.00
1763808512 1069830144.00
1763808513 1069830144.00
1763808514 1069830144.00
1763808515 1069830144.00
1763808516 1070481408.00
1763808517 1070010368.00
1763808517 1070010368.00
1763808518 1069600768.00
1763808519 1069600768.00
1763808520 1069604864.00
1763808521 1069604864.00
1763808522 1069596672.00
1763808523 1069596672.00
1763808524 1069596672.00
1763808525 1069764608.00
1763808526 1069764608.00
1763808527 1070264320.00
1763808528 1070354432.00
1763808528 1070354432.00
1763808529 1070354432.00
1763808530 1069916160.00
1763808531 1070075904.00
1763808532 1070075904.00
1763808533 1070174208.00
1763808534 1070174208.00
1763808535 1070706688.00
1763808536 1070571520.00
1763808537 1070571520.00
1763808538 1070571520.00
1763808539 1070571520.00
1763808540 1070571520.00
1763808541 1070571520.00
1763808542 1070571520.00
1763808543 1070571520.00
1763808543 1070571520.00
1763808544 1070571520.00
1763808545 1070514176.00
1763808546 1070493696.00
1763808547 1070493696.00
1763808548 1070456832.00
1763808549 1070587904.00
1763808550 1070444544.00
1763808551 1070444544.00
1763808552 1070444544.00
1763808553 1070444544.00
1763808554 1070870528.00
1763808555 1070870528.00
1763808556 1073356800.00
1763808556 1073356800.00
1763808557 1073356800.00
1763808558 1072611328.00
1763808559 1072762880.00
1763808560 1072599040.00
1763808561 1072599040.00
1763808562 1072599040.00
1763808563 1072599040.00
1763808564 1072599040.00
1763808565 1072566272.00
1763808566 1072566272.00
1763808567 1072566272.00
1763808568 1072566272.00
1763808569 1072566272.00
1763808570 1073278976.00
1763808571 1073278976.00
1763808571 1073242112.00
1763808572 1073242112.00
1763808573 1072943104.00
1763808574 1072943104.00
1763808575 1072619520.00
1763808576 1072619520.00
1763808577 1072611328.00
1763808578 1072611328.00
1763808579 1072611328.00
1763808580 1073274880.00
1763808581 1073274880.00
1763808582 1073201152.00
1763808583 1073201152.00
1763808583 1073180672.00
1763808584 1073180672.00
1763808585 1072803840.00
1763808586 1072803840.00
1763808587 1072701440.00
1763808588 1072791552.00
1763808589 1072664576.00
1763808590 1072664576.00
1763808591 1072664576.00
1763808592 1072656384.00
1763808593 1072656384.00
1763808594 1072656384.00
1763808595 1072787456.00
1763808596 1073045504.00
1763808597 1073045504.00
1763808598 1073197056.00
1763808598 1073197056.00
1763808599 1073197056.00
1763808600 1072807936.00
1763808601 1073078272.00
1763808602 1072816128.00
1763808603 1072816128.00
1763808604 1072934912.00
1763808605 1072934912.00
1763808606 1072807936.00
1763808607 1072807936.00
1763808608 1073233920.00
1763808609 1073233920.00
1763808609 1073233920.00
1763808610 1073410048.00
1763808611 1072979968.00
1763808612 1072979968.00
1763808613 1072951296.00
1763808614 1072951296.00
1763808615 1072979968.00
1763808616 1072934912.00
1763808617 1072934912.00
1763808618 1072812032.00
1763808619 1072812032.00
1763808620 1072812032.00
1763808621 1072812032.00
1763808622 1073242112.00
1763808623 1073242112.00
1763808624 1073500160.00
1763808625 1073455104.00
1763808625 1073455104.00
1763808626 1073184768.00
1763808627 1073184768.00
1763808628 1073319936.00
1763808629 1073004544.00
1763808630 1072955392.00
1763808631 1072955392.00
1763808632 1072955392.00
1763808633 1072955392.00
1763808634 1072955392.00
1763808635 1072955392.00
1763808636 1072955392.00
1763808637 1072955392.00
1763808638 1073717248.00
1763808638 1073717248.00
1763808639 1073717248.00
1763808640 1073451008.00
1763808641 1073451008.00
1763808642 1072988160.00
1763808643 1072951296.00
1763808644 1072951296.00
1763808645 1072951296.00
1763808646 1072951296.00
1763808647 1072951296.00
1763808648 1072951296.00
1763808649 1072951296.00
1763808650 1072951296.00
1763808651 1072951296.00
1763808652 1072873472.00
1763808653 1072873472.00
1763808654 1072873472.00
1763808654 1072873472.00
1763808655 1072861184.00
1763808656 1073012736.00
1763808657 1073012736.00
1763808658 1072824320.00
1763808659 1072824320.00
1763808660 1072807936.00
1763808661 1072807936.00
1763808662 1072787456.00
1763808663 1072787456.00
1763808664 1072787456.00
1763808665 1074012160.00
1763808666 1074012160.00
1763808666 1073827840.00
1763808667 1073827840.00
1763808668 1072750592.00
1763808669 1072865280.00
1763808670 1072865280.00
1763808671 1072701440.00
1763808672 1072701440.00
1763808673 1072701440.00
1763808674 1072701440.00
1763808675 1072701440.00
1763808676 1072701440.00
1763808677 1072701440.00
1763808678 1072680960.00
1763808679 1072680960.00
1763808680 1072603136.00
1763808681 1073393664.00
1763808682 1073061888.00
1763808683 1073061888.00
1763808683 1073061888.00
1763808684 1072730112.00
1763808685 1072730112.00
1763808686 1072750592.00
1763808687 1072750592.00
1763808688 1072709632.00
1763808689 1072709632.00
1763808690 1072709632.00
1763808691 1072709632.00
1763808692 1072709632.00
1763808693 1072660480.00
1763808694 1072648192.00
1763808695 1073197056.00
1763808696 1073197056.00
1763808697 1073176576.00
1763808697 1073176576.00
1763808698 1072873472.00
1763808699 1072873472.00
1763808700 1072766976.00
1763808701 1072766976.00
1763808702 1072861184.00
1763808703 1072738304.00
1763808704 1072738304.00
1763808705 1072738304.00
1763808706 1072738304.00
1763808707 1072738304.00
1763808708 1072738304.00
1763808709 1072738304.00
1763808710 1072738304.00
1763808711 1072738304.00
1763808712 1072738304.00
1763808713 1072738304.00
1763808714 1072869376.00
1763808715 1072898048.00
1763808716 1072873472.00
1763808717 1072742400.00
1763808718 1072742400.00
1763808719 1072742400.00
1763808720 1072697344.00
1763808721 1072697344.00
1763808722 1072697344.00
1763808723 1072697344.00
1763808724 1072701440.00
1763808725 1073188864.00
1763808726 1073340416.00
1763808727 1073410048.00
1763808727 1073410048.00
1763808728 1073410048.00
1763808729 1072955392.00
1763808730 1072955392.00
1763808731 1072807936.00
1763808732 1072807936.00
1763808733 1072807936.00
1763808734 1072807936.00
1763808735 1072807936.00
1763808736 1072807936.00
1763808737 1072807936.00
1763808738 1072807936.00
1763808739 1072803840.00
1763808740 1073483776.00
1763808741 1073483776.00
1763808742 1073414144.00
1763808742 1073414144.00
1763808743 1073414144.00
1763808744 1072967680.00
1763808745 1072852992.00
1763808746 1072852992.00
1763808747 1072852992.00
1763808748 1072852992.00
1763808749 1072840704.00
1763808750 1072840704.00
1763808751 1072840704.00
1763808752 1073668096.00
1763808753 1073668096.00
1763808754 1073668096.00
1763808754 1073401856.00
1763808755 1072857088.00
1763808756 1072857088.00
1763808757 1073152000.00
1763808758 1072996352.00
1763808759 1072996352.00
1763808760 1072861184.00
1763808761 1072992256.00
1763808762 1072861184.00
1763808763 1072861184.00
1763808764 1072861184.00
1763808765 1072861184.00
1763808766 1072861184.00
1763808767 1072857088.00
1763808768 1073397760.00
1763808769 1073221632.00
1763808770 1073221632.00
1763808770 1073221632.00
1763808771 1073078272.00
1763808772 1073078272.00
1763808773 1073053696.00
1763808774 1073053696.00
1763808775 1073053696.00
1763808776 1073057792.00
1763808777 1073057792.00
1763808778 1073057792.00
1763808779 1073057792.00
1763808780 1074057216.00
1763808781 1073680384.00
1763808781 1073680384.00
1763808782 1073680384.00
1763808783 1073123328.00
1763808784 1073291264.00
1763808785 1073291264.00
1763808786 1073250304.00
1763808787 1073082368.00
1763808788 1073082368.00
1763808789 1073082368.00
1763808790 1073082368.00
1763808791 1073065984.00
1763808792 1073065984.00
1763808793 1073061888.00
1763808794 1073061888.00
1763808795 1073061888.00
1763808796 1073061888.00
1763808797 1073020928.00
1763808797 1073020928.00
1763808798 1072979968.00
1763808799 1072975872.00
1763808800 1072975872.00
1763808801 1072947200.00
1763808802 1072930816.00
1763808803 1072930816.00
1763808804 1072930816.00
1763808805 1072930816.00
1763808806 1072930816.00
1763808807 1072930816.00
1763808808 1072930816.00
1763808809 1072807936.00
1763808809 1072807936.00
1763808810 1072787456.00
1763808811 1072824320.00
1763808812 1072824320.00
1763808813 1072922624.00
1763808814 1072787456.00
1763808815 1072787456.00
1763808816 1072799744.00
1763808817 1072799744.00
1763808818 1072787456.00
1763808819 1072787456.00
1763808820 1072787456.00
1763808821 1072787456.00
1763808822 1072787456.00
1763808823 1072787456.00
1763808823 1072787456.00
1763808824 1072787456.00
1763808825 1072787456.00
1763808826 1072787456.00
1763808827 1072676864.00
1763808828 1072783360.00
1763808829 1072783360.00
1763808830 1072656384.00
1763808831 1073086464.00
1763808832 1073086464.00
1763808833 1073655808.00
1763808834 1073655808.00
1763808834 1073655808.00
1763808835 1073180672.00
1763808836 1073180672.00
1763808837 1073078272.00
1763808838 1072832512.00
1763808839 1072832512.00
1763808840 1072660480.00
1763808841 1072660480.00
1763808842 1072660480.00
1763808843 1072644096.00
1763808844 1072644096.00
1763808845 1072644096.00
1763808846 1072644096.00
1763808847 1072644096.00
1763808848 1072644096.00
1763808849 1073606656.00
1763808849 1073606656.00
1763808850 1072812032.00
1763808851 1072812032.00
1763808852 1072795648.00
1763808853 1072795648.00
1763808854 1072795648.00
1763808855 1072795648.00
1763808856 1072795648.00
1763808857 1072795648.00
1763808858 1072787456.00
1763808859 1072787456.00
1763808860 1073352704.00
1763808861 1073598464.00
1763808862 1073598464.00
1763808863 1073598464.00
1763808863 1073991680.00
1763808864 1073991680.00
1763808865 1073446912.00
1763808866 1073446912.00
1763808867 1073303552.00
1763808868 1073303552.00
1763808869 1073303552.00
1763808870 1073303552.00
1763808871 1073430528.00
1763808872 1073291264.00
1763808873 1073291264.00
1763808874 1073729536.00
1763808875 1073729536.00
1763808876 1073532928.00
1763808876 1073532928.00
1763808877 1073594368.00
1763808878 1073594368.00
1763808879 1073176576.00
1763808880 1073176576.00
1763808881 1073119232.00
1763808882 1073119232.00
1763808883 1073119232.00
1763808884 1073119232.00
1763808885 1073119232.00
1763808886 1073119232.00
1763808887 1073119232.00
1763808888 1073565696.00
1763808889 1073565696.00
1763808890 1073778688.00
1763808890 1073778688.00
1763808891 1073778688.00
1763808892 1073901568.00
1763808893 1073352704.00
1763808894 1073352704.00
1763808895 1073180672.00
1763808896 1073168384.00
1763808897 1073160192.00
1763808898 1073131520.00
1763808899 1073131520.00
1763808900 1073127424.00
1763808901 1073647616.00
1763808902 1073647616.00
1763808903 1073950720.00
1763808903 1073950720.00
1763808904 1073991680.00
1763808905 1073991680.00
1763808906 1073242112.00
1763808907 1073242112.00
1763808908 1073172480.00
1763808909 1073172480.00
1763808910 1073172480.00
1763808911 1073172480.00
1763808912 1073172480.00
1763808913 1073172480.00
1763808914 1073172480.00
1763808915 1073577984.00
1763808916 1073491968.00
1763808916 1073491968.00
1763808917 1073082368.00
1763808918 1073082368.00
1763808919 1073217536.00
1763808920 1073217536.00
1763808921 1073074176.00
1763808922 1073000448.00
1763808923 1073000448.00
1763808924 1073000448.00
1763808925 1073000448.00
1763808926 1073000448.00
1763808927 1073000448.00
1763808928 1072984064.00
1763808929 1072984064.00
1763808930 1073610752.00
1763808931 1073610752.00
1763808932 1073881088.00
1763808932 1073881088.00
1763808933 1073262592.00
1763808934 1073262592.00
1763808935 1073000448.00
1763808936 1073000448.00
1763808937 1072996352.00
1763808938 1072984064.00
1763808939 1072984064.00
1763808940 1072984064.00
1763808941 1072984064.00
1763808942 1072984064.00
1763808943 1072984064.00
1763808944 1072984064.00
1763808945 1072984064.00
1763808946 1073471488.00
1763808947 1073471488.00
1763808948 1073623040.00
1763808949 1073348608.00
1763808949 1073348608.00
1763808950 1073348608.00
1763808951 1073012736.00
1763808952 1073029120.00
1763808953 1073139712.00
1763808954 1073139712.00
1763808955 1073139712.00
1763808956 1073139712.00
1763808957 1073012736.00
1763808958 1073012736.00
1763808959 1072979968.00
1763808960 1072979968.00
1763808961 1072881664.00
1763808962 1072881664.00
1763808962 1072881664.00
1763808963 1072881664.00
1763808964 1072881664.00
1763808965 1073397760.00
1763808966 1073397760.00
1763808967 1073143808.00
1763808968 1073012736.00
1763808969 1073012736.00
1763808970 1073029120.00
1763808971 1073029120.00
1763808972 1073020928.00
1763808973 1072902144.00
1763808974 1072902144.00
1763808975 1073467392.00
1763808976 1073258496.00
1763808977 1073258496.00
1763808978 1073721344.00
1763808979 1073020928.00
1763808980 1073020928.00
1763808981 1073278976.00
1763808982 1073016832.00
1763808983 1073016832.00
1763808984 1073016832.00
1763808985 1073016832.00
1763808986 1073016832.00
1763808987 1073020928.00
1763808988 1073020928.00
1763808989 1072914432.00
1763808990 1073614848.00
1763808991 1073614848.00
1763808992 1073496064.00
1763808993 1073659904.00
1763808993 1073659904.00
1763808994 1073659904.00
1763808995 1073111040.00
1763808996 1073045504.00
1763808997 1073045504.00
1763808998 1073164288.00
1763808999 1073164288.00
1763809000 1073020928.00
1763809001 1073020928.00
1763809002 1073291264.00
1763809003 1073025024.00
1763809004 1073025024.00
1763809005 1073025024.00
1763809006 1072893952.00
1763809007 1073840128.00
1763809008 1073840128.00
1763809009 1074114560.00
1763809010 1074114560.00
1763809010 1074114560.00
1763809011 1073147904.00
1763809012 1073147904.00
1763809013 1073295360.00
1763809014 1073143808.00
1763809015 1073143808.00
1763809016 1073143808.00
1763809017 1073143808.00
1763809018 1073029120.00
1763809019 1073029120.00
1763809020 1072992256.00
1763809021 1072992256.00
1763809022 1073602560.00
1763809023 1073602560.00
1763809024 1073664000.00
1763809024 1073664000.00
1763809025 1073467392.00
1763809026 1073467392.00
1763809027 1073483776.00
1763809028 1073340416.00
1763809029 1073340416.00
1763809030 1073336320.00
1763809031 1073336320.00
1763809032 1073336320.00
1763809033 1073336320.00
1763809034 1073201152.00
1763809035 1073192960.00
1763809036 1073192960.00
1763809037 1073192960.00
1763809038 1073192960.00
1763809039 1073631232.00
1763809040 1073815552.00
1763809041 1073561600.00
1763809042 1073561600.00
1763809043 1073561600.00
1763809043 1073500160.00
1763809044 1073352704.00
1763809045 1073102848.00
1763809046 1073102848.00
1763809047 1073045504.00
1763809048 1073045504.00
1763809049 1073045504.00
1763809050 1073045504.00
1763809051 1072971776.00
1763809052 1072971776.00
1763809053 1073319936.00
1763809054 1073319936.00
1763809055 1073311744.00
1763809056 1074216960.00
1763809056 1074216960.00
1763809057 1074216960.00
1763809058 1073119232.00
1763809059 1073238016.00
1763809060 1073102848.00
1763809061 1073102848.00
1763809062 1073098752.00
1763809063 1073098752.00
1763809064 1073098752.00
1763809065 1073098752.00
1763809066 1073033216.00
1763809067 1072984064.00
1763809068 1072984064.00
1763809069 1072971776.00
1763809070 1073668096.00
1763809070 1073668096.00
1763809071 1073668096.00
1763809072 1073389568.00
1763809073 1073389568.00
1763809074 1073254400.00
1763809075 1073127424.00
1763809076 1073127424.00
1763809077 1073127424.00
1763809078 1073127424.00
1763809079 1073127424.00
1763809080 1073127424.00
1763809081 1073127424.00
1763809082 1073016832.00
1763809083 1073016832.00
1763809084 1073770496.00
1763809085 1073852416.00
1763809086 1073852416.00
1763809087 1073627136.00
1763809088 1073176576.00
1763809089 1073176576.00
1763809090 1073311744.00
1763809091 1073168384.00
1763809092 1073168384.00
1763809093 1073168384.00
1763809094 1073299456.00
1763809095 1073164288.00
1763809096 1073164288.00
1763809097 1073586176.00
1763809098 1073586176.00
1763809099 1073569792.00
1763809100 1073569792.00
1763809101 1073180672.00
1763809102 1073315840.00
1763809103 1073315840.00
1763809104 1073307648.00
1763809105 1073307648.00
1763809106 1073307648.00
1763809107 1073172480.00
1763809108 1073172480.00
1763809109 1073172480.00
1763809110 1073172480.00
1763809111 1073172480.00
1763809112 1074135040.00
1763809113 1074135040.00
1763809114 1073709056.00
1763809114 1073709056.00
1763809115 1073487872.00
1763809116 1073586176.00
1763809117 1073586176.00
1763809118 1073414144.00
1763809119 1073414144.00
1763809120 1073410048.00
1763809121 1073274880.00
1763809122 1073274880.00
1763809123 1073270784.00
1763809124 1073270784.00
1763809125 1073270784.00
1763809126 1073717248.00
1763809127 1073733632.00
1763809128 1073733632.00
1763809128 1073733632.00
1763809129 1073811456.00
1763809130 1073332224.00
1763809131 1073328128.00
1763809132 1073328128.00
1763809133 1073303552.00
1763809134 1073303552.00
1763809135 1073295360.00
1763809136 1073295360.00
1763809137 1073295360.00
1763809138 1073295360.00
1763809139 1073295360.00
1763809140 1073254400.00
1763809141 1073233920.00
1763809142 1073233920.00
1763809143 1073233920.00
1763809144 1073233920.00
1763809145 1073233920.00
1763809145 1073233920.00
1763809146 1073233920.00
1763809147 1073172480.00
1763809148 1073311744.00
1763809149 1073180672.00
1763809150 1073180672.00
1763809151 1073180672.00
1763809152 1073180672.00
1763809153 1073180672.00
1763809154 1073094656.00
1763809155 1073762304.00
1763809156 1073762304.00
1763809157 1074126848.00
1763809158 1074126848.00
1763809159 1073876992.00
1763809160 1073684480.00
1763809161 1073270784.00
1763809162 1073270784.00
1763809163 1073262592.00
1763809164 1073262592.00
1763809165 1073262592.00
1763809166 1073262592.00
1763809167 1073262592.00
1763809168 1073225728.00
1763809169 1073225728.00
1763809170 1073197056.00
1763809171 1073197056.00
1763809172 1073618944.00
1763809173 1073524736.00
1763809174 1073524736.00
1763809175 1073799168.00
1763809175 1073799168.00
1763809176 1073192960.00
1763809177 1073344512.00
1763809178 1073344512.00
1763809179 1073197056.00
1763809180 1073197056.00
1763809181 1073188864.00
1763809182 1073180672.00
1763809183 1073180672.00
1763809184 1073180672.00
1763809185 1073180672.00
1763809186 1073180672.00
1763809187 1073639424.00
1763809188 1073639424.00
1763809189 1073496064.00
1763809190 1073496064.00
1763809190 1073496064.00
1763809191 1073811456.00
1763809192 1073201152.00
1763809193 1073344512.00
1763809194 1073192960.00
1763809195 1073192960.00
1763809196 1073192960.00
1763809197 1073192960.00
1763809198 1073192960.00
1763809199 1073192960.00
1763809200 1073192960.00
1763809201 1073192960.00
1763809202 1073192960.00
1763809203 1073192960.00
1763809204 1073192960.00
1763809205 1073635328.00
1763809205 1073635328.00
1763809206 1073958912.00
1763809207 1073958912.00
1763809208 1073700864.00
1763809209 1073700864.00
1763809210 1073700864.00
1763809211 1073557504.00
1763809212 1073557504.00
1763809213 1073557504.00
1763809214 1073557504.00
1763809215 1073442816.00
1763809216 1073434624.00
1763809217 1073434624.00
1763809218 1073434624.00
1763809219 1073434624.00
1763809220 1074008064.00
1763809221 1074008064.00
1763809222 1074061312.00
1763809223 1073979392.00
1763809223 1073979392.00
1763809224 1073979392.00
1763809225 1073500160.00
1763809226 1073500160.00
1763809227 1073496064.00
1763809228 1073496064.00
1763809229 1073446912.00
1763809230 1073446912.00
1763809231 1073397760.00
1763809232 1073397760.00
1763809233 1073397760.00
1763809234 1073397760.00
1763809235 1073373184.00
1763809236 1073373184.00
1763809237 1074327552.00
1763809238 1074446336.00
1763809238 1074446336.00
1763809239 1073852416.00
1763809240 1073852416.00
1763809241 1073991680.00
1763809242 1074384896.00
1763809243 1074384896.00
1763809244 1073860608.00
1763809245 1073860608.00
1763809246 1073860608.00
1763809247 1073860608.00
1763809248 1073709056.00
1763809249 1073709056.00
1763809250 1073709056.00
1763809251 1074065408.00
1763809252 1074065408.00
1763809253 1074270208.00
1763809254 1073979392.00
1763809255 1073979392.00
1763809255 1073930240.00
1763809256 1073930240.00
1763809257 1073774592.00
1763809258 1073598464.00
1763809259 1073598464.00
1763809260 1073598464.00
1763809261 1073598464.00
1763809262 1073500160.00
1763809263 1073500160.00
1763809264 1074020352.00
1763809265 1073844224.00
1763809266 1073844224.00
1763809267 1074266112.00
1763809268 1074454528.00
1763809269 1074454528.00
1763809270 1074143232.00
1763809271 1073737728.00
1763809272 1073610752.00
1763809273 1073610752.00
1763809274 1073610752.00
1763809275 1073610752.00
1763809276 1073610752.00
1763809277 1073582080.00
1763809278 1073582080.00
1763809279 1073582080.00
1763809280 1073582080.00
1763809281 1073582080.00
1763809282 1073639424.00
1763809283 1073639424.00
1763809284 1073987584.00
1763809285 1073987584.00
1763809286 1074003968.00
1763809286 1074003968.00
1763809287 1073573888.00
1763809288 1073573888.00
1763809289 1073573888.00
1763809290 1073573888.00
1763809291 1073573888.00
1763809292 1073573888.00
1763809293 1073573888.00
1763809294 1073467392.00
1763809295 1073467392.00
1763809296 1073995776.00
1763809297 1073995776.00
1763809298 1074098176.00
1763809299 1074098176.00
1763809299 1074098176.00
1763809300 1074094080.00
1763809301 1074094080.00
1763809302 1074114560.00
1763809303 1073582080.00
1763809304 1073582080.00
1763809305 1073582080.00
1763809306 1073582080.00
1763809307 1073582080.00
1763809308 1073582080.00
1763809309 1073582080.00
1763809310 1073508352.00
1763809311 1073508352.00
1763809312 1073487872.00
1763809313 1073487872.00
1763809314 1074315264.00
1763809315 1074315264.00
1763809316 1074323456.00
1763809316 1074323456.00
1763809317 1073573888.00
1763809318 1073573888.00
1763809319 1073573888.00
1763809320 1073590272.00
1763809321 1073524736.00
1763809322 1073524736.00
1763809323 1073524736.00
1763809324 1073524736.00
1763809325 1073524736.00
1763809326 1073434624.00
1763809327 1073434624.00
1763809328 1073414144.00
1763809329 1074032640.00
1763809330 1074032640.00
1763809331 1074487296.00
1763809332 1074114560.00
1763809332 1074114560.00
1763809333 1074114560.00
1763809334 1074147328.00
1763809335 1074147328.00
1763809336 1073811456.00
1763809337 1073811456.00
1763809338 1073811456.00
1763809339 1073954816.00
1763809340 1073954816.00
1763809341 1073688576.00
1763809342 1073688576.00
1763809343 1073684480.00
1763809344 1073684480.00
1763809345 1073684480.00
1763809346 1074126848.00
1763809346 1074126848.00
1763809347 1074126848.00
1763809348 1073680384.00
1763809349 1073573888.00
1763809350 1073573888.00
1763809351 1073545216.00
1763809352 1073549312.00
1763809353 1073549312.00
1763809354 1073537024.00
1763809355 1073471488.00
1763809356 1073471488.00
1763809357 1073455104.00
1763809358 1073442816.00
1763809359 1073442816.00
1763809360 1073405952.00
1763809361 1073401856.00
1763809362 1073401856.00
1763809363 1073393664.00
1763809364 1073393664.00
1763809365 1073770496.00
1763809366 1073516544.00
1763809367 1073516544.00
1763809368 1073512448.00
1763809369 1073512448.00
1763809370 1073328128.00
1763809371 1073328128.00
1763809372 1073328128.00
1763809373 1073328128.00
1763809373 1073328128.00
1763809374 1073328128.00
1763809375 1073328128.00
1763809376 1073328128.00
1763809377 1073577984.00
1763809378 1073569792.00
1763809379 1073569792.00
1763809380 1073422336.00
1763809381 1073422336.00
1763809382 1073422336.00
1763809383 1073422336.00
1763809384 1073422336.00
1763809385 1073422336.00
1763809386 1073422336.00
1763809387 1073344512.00
1763809388 1073336320.00
1763809389 1073287168.00
1763809390 1073287168.00
1763809391 1073586176.00
1763809392 1073995776.00
1763809393 1073995776.00
