12000
14000
11000
16000
13000
15000
12000
13000
12000
16000
11000
14000
10000
14000
11000
15000
10000
16000
11000
13000
16000
15000
14000
16000
14000
16000
9000
12000
14000
14000
11000
14000
13000
19000
11000
12000
11000
13000
15000
12000
14000
11000
15000
13000
15000
12000
15000
11000
16000
13000
16000
12000
17000
14000
14000
15000
15000
12000
16000
11000
16000
12000
14000
11000
15000
14000
13000
14000
13000
13000
16000
17000
13000
15000
15000
17000
14000
19000
13000
14000
16000
11000
15000
14000
17000
13000
16000
15000
15000
18000
15000
17000
12000
18000
13000
17000
16000
14000
15000
11000
