1763791631 710025216.00
1763791632 709898240.00
1763791633 709898240.00
1763791634 709898240.00
1763791635 714555392.00
1763791636 714596352.00
1763791637 714596352.00
1763791638 716763136.00
1763791639 716763136.00
1763791640 716496896.00
1763791641 716496896.00
1763791642 716484608.00
1763791643 716484608.00
1763791800 716992512.00
1763791801 716992512.00
1763791802 716992512.00
1763791803 716992512.00
1763791804 716959744.00
1763791805 716685312.00
1763791806 716685312.00
1763791807 716685312.00
1763791808 716685312.00
1763791809 716685312.00
1763791810 716685312.00
1763791811 716685312.00
1763791812 716685312.00
1763791813 716673024.00
1763791814 717082624.00
1763791828 717127680.00
1763791829 717127680.00
1763791830 717127680.00
1763791831 717668352.00
1763791832 717668352.00
1763791833 717451264.00
1763791834 717451264.00
1763791835 717451264.00
1763791836 717451264.00
1763791837 717438976.00
1763791838 717438976.00
1763791839 717438976.00
1763792462 513933312.00
1763792463 513933312.00
1763792464 513933312.00
1763792465 513933312.00
1763792466 513933312.00
1763792467 517869568.00
1763792468 517869568.00
1763792469 517914624.00
1763792470 517914624.00
1763792471 517914624.00
1763792472 518139904.00
1763792473 518139904.00
1763792474 518049792.00
1763792475 518049792.00
1763792476 518049792.00
1763792477 518049792.00
1763792478 519225344.00
1763792478 519225344.00
1763792479 519262208.00
1763792480 519262208.00
1763792481 519434240.00
1763792482 519696384.00
1763792483 519696384.00
1763792484 519680000.00
1763792485 519680000.00
1763792486 519733248.00
1763792487 519733248.00
1763792488 519733248.00
1763792489 519733248.00
1763792490 519757824.00
1763792491 521515008.00
1763792491 521515008.00
1763792492 524926976.00
1763792493 524926976.00
1763792494 524935168.00
1763792495 527519744.00
1763792496 527519744.00
1763792497 527204352.00
1763792498 527204352.00
1763792499 527073280.00
1763792500 527073280.00
1763792501 527081472.00
1763792502 527048704.00
1763792503 527048704.00
1763792504 527048704.00
1763792505 527048704.00
1763792506 527572992.00
1763792507 527708160.00
1763792508 527708160.00
1763792509 527282176.00
1763792510 527282176.00
1763792511 527413248.00
1763792512 527413248.00
1763792513 527273984.00
1763792514 527273984.00
1763792515 527273984.00
1763792516 527273984.00
1763792517 527273984.00
1763792518 527273984.00
1763792519 527273984.00
1763792519 527626240.00
1763792520 527626240.00
1763792521 527413248.00
1763792522 527560704.00
1763792523 527564800.00
1763792524 527437824.00
1763792525 527437824.00
1763792526 527421440.00
1763792527 527421440.00
1763792528 527421440.00
1763792529 527413248.00
1763792530 527413248.00
1763792531 527413248.00
1763792532 528003072.00
1763792533 528003072.00
1763792534 527732736.00
1763792535 527454208.00
1763792536 527843328.00
1763792537 527843328.00
1763792538 527618048.00
1763792539 527474688.00
1763792540 527474688.00
1763792541 527462400.00
1763792542 527462400.00
1763792543 527462400.00
1763792544 527462400.00
1763792545 527859712.00
1763792545 527859712.00
1763792546 527859712.00
1763792547 527499264.00
1763792548 527499264.00
1763792549 527499264.00
1763792550 527839232.00
1763792551 527699968.00
1763792552 527564800.00
1763792553 527564800.00
1763792554 527949824.00
1763792555 527949824.00
1763792556 527552512.00
1763792557 527552512.00
1763792558 527552512.00
1763792559 527564800.00
1763792560 527564800.00
1763792561 528494592.00
1763792561 528494592.00
1763792562 528494592.00
1763792563 527982592.00
1763792564 528367616.00
1763792565 528367616.00
1763792566 528138240.00
1763792567 528138240.00
1763792568 527974400.00
1763792569 527974400.00
1763792570 527974400.00
1763792571 527974400.00
1763792572 528551936.00
1763792572 528551936.00
1763792573 528551936.00
1763792574 528166912.00
1763792575 528166912.00
1763792576 528039936.00
1763792577 528039936.00
1763792578 528179200.00
1763792579 528031744.00
1763792580 528031744.00
1763792581 528031744.00
1763792582 528023552.00
1763792583 528023552.00
1763792584 528023552.00
1763792585 528019456.00
1763792586 528617472.00
1763792586 528617472.00
1763792587 528617472.00
1763792588 528064512.00
1763792589 528064512.00
1763792590 528343040.00
1763792591 528056320.00
1763792592 528039936.00
1763792593 528039936.00
1763792594 528039936.00
1763792595 528035840.00
1763792596 528281600.00
1763792597 528281600.00
1763792598 528097280.00
1763792599 528121856.00
1763792600 528117760.00
1763792601 528117760.00
1763792602 528134144.00
1763792603 528134144.00
1763792604 528134144.00
1763792605 528113664.00
1763792606 528113664.00
1763792607 528113664.00
1763792608 528101376.00
1763792609 528105472.00
1763792610 528105472.00
1763792611 528621568.00
1763792611 528621568.00
1763792612 528265216.00
1763792613 528265216.00
1763792614 528146432.00
1763792615 528146432.00
1763792616 528166912.00
1763792617 528150528.00
1763792618 528138240.00
1763792619 528138240.00
1763792620 528244736.00
1763792621 528121856.00
1763792622 528121856.00
1763792622 528121856.00
1763792623 528121856.00
1763792624 528121856.00
1763792625 528113664.00
1763792626 528367616.00
1763792627 528367616.00
1763792628 528322560.00
1763792629 528175104.00
1763792630 528166912.00
1763792631 528166912.00
1763792632 528158720.00
1763792633 528158720.00
1763792634 528158720.00
1763792635 528146432.00
1763792636 528703488.00
1763792637 528703488.00
1763792637 528662528.00
1763792638 528662528.00
1763792639 528179200.00
1763792640 528175104.00
1763792641 528175104.00
1763792642 528195584.00
1763792643 528195584.00
1763792644 528175104.00
1763792645 528175104.00
1763792646 528175104.00
1763792647 528158720.00
1763792647 528158720.00
1763792648 528150528.00
1763792649 528150528.00
1763792650 528191488.00
1763792651 528191488.00
1763792652 528228352.00
1763792653 528228352.00
1763792654 528293888.00
1763792655 528293888.00
1763792656 528166912.00
1763792657 528166912.00
1763792658 528166912.00
1763792659 528162816.00
1763792660 528162816.00
1763792661 528162816.00
1763792662 528744448.00
1763792663 528609280.00
1763792663 528609280.00
1763792664 528609280.00
1763792665 528195584.00
1763792666 528195584.00
1763792667 528195584.00
1763792668 528252928.00
1763792669 528252928.00
1763792670 528179200.00
1763792671 528179200.00
1763792672 528179200.00
1763792673 528179200.00
1763792674 528187392.00
1763792675 528187392.00
1763792676 528175104.00
1763792677 528236544.00
1763792678 528236544.00
1763792679 528384000.00
1763792680 528744448.00
1763792681 528744448.00
1763792682 528232448.00
1763792683 528232448.00
1763792684 528232448.00
1763792685 528232448.00
1763792686 528203776.00
1763792687 528203776.00
1763792688 528564224.00
1763792688 528564224.00
1763792689 528564224.00
1763792690 528248832.00
1763792691 528248832.00
1763792692 528244736.00
1763792693 528416768.00
1763792694 528416768.00
1763792695 528240640.00
1763792696 528240640.00
1763792697 528240640.00
1763792698 528240640.00
1763792699 528240640.00
1763792700 528240640.00
1763792701 528240640.00
1763792702 528240640.00
1763792703 528687104.00
1763792704 528687104.00
1763792701 528240640.00
1763792702 528240640.00
1763792703 528687104.00
1763792704 528687104.00
1763792705 528486400.00
1763792706 528486400.00
1763792707 528277504.00
1763792708 528134144.00
1763792709 528130048.00
1763792710 528130048.00
1763792711 528130048.00
1763792712 528130048.00
1763792713 528130048.00
1763792714 528130048.00
1763792715 528547840.00
1763792716 528547840.00
1763792717 528769024.00
1763792718 528769024.00
1763792719 528179200.00
1763792720 528179200.00
1763792721 528179200.00
1763792722 528191488.00
1763792723 528199680.00
1763792724 528166912.00
1763792725 528166912.00
1763792726 528166912.00
1763792727 528166912.00
1763792728 528166912.00
1763792729 528166912.00
1763792730 528166912.00
1763792731 528171008.00
1763792731 528171008.00
1763792732 528171008.00
1763792733 528171008.00
1763792734 528171008.00
1763792735 528433152.00
1763792736 523739136.00
1763792737 523481088.00
1763792738 523472896.00
1763792739 523472896.00
1763792740 523468800.00
1763792741 523476992.00
1763792742 523476992.00
1763792743 523476992.00
1763792744 523476992.00
1763792745 523476992.00
1763792746 523472896.00
1763792747 524316672.00
1763792748 523898880.00
1763792749 523898880.00
1763792750 523493376.00
1763792751 523493376.00
1763792752 523657216.00
1763792753 523657216.00
1763792754 523505664.00
1763792755 523649024.00
1763792756 523497472.00
1763792757 523497472.00
1763792758 523497472.00
1763792759 523485184.00
1763792760 523837440.00
1763792761 523837440.00
1763792762 523755520.00
1763792762 523755520.00
1763792763 523755520.00
1763792764 523632640.00
1763792765 523632640.00
1763792766 523821056.00
1763792767 523509760.00
1763792768 523526144.00
1763792769 523501568.00
1763792770 523501568.00
1763792771 523501568.00
1763792772 523501568.00
1763792773 523505664.00
1763792774 523505664.00
1763792775 523505664.00
1763792776 523485184.00
1763792777 523485184.00
1763792778 523485184.00
1763792778 523485184.00
1763792779 523988992.00
1763792780 523513856.00
1763792781 523800576.00
1763792782 523800576.00
1763792783 523522048.00
1763792784 523513856.00
1763792785 523513856.00
1763792786 523517952.00
1763792787 523517952.00
1763792787 523517952.00
1763792788 523943936.00
1763792789 523530240.00
1763792790 523829248.00
1763792791 523677696.00
1763792792 523677696.00
1763792793 523517952.00
1763792794 523509760.00
1763792795 523509760.00
1763792796 523522048.00
1763792797 523522048.00
1763792798 523522048.00
1763792799 524197888.00
1763792799 524197888.00
1763792800 523546624.00
1763792801 523546624.00
1763792802 523722752.00
1763792803 523710464.00
1763792804 523546624.00
1763792805 523546624.00
1763792806 523653120.00
1763792807 523530240.00
1763792808 523517952.00
1763792809 523517952.00
1763792810 523517952.00
1763792811 523517952.00
1763792812 524001280.00
1763792813 524066816.00
1763792813 524066816.00
1763792814 523800576.00
1763792815 523550720.00
1763792816 523550720.00
1763792817 523575296.00
1763792818 523542528.00
1763792819 523542528.00
1763792820 523542528.00
1763792821 523517952.00
1763792822 523517952.00
1763792823 523517952.00
1763792824 523517952.00
1763792825 523517952.00
1763792826 524058624.00
1763792827 524058624.00
1763792828 523841536.00
1763792829 523722752.00
1763792830 523722752.00
1763792831 523558912.00
1763792832 521441280.00
1763792833 521338880.00
1763792834 521338880.00
1763792835 521207808.00
1763792836 521191424.00
1763792837 521191424.00
1763792838 521297920.00
1763792839 521175040.00
1763792840 521175040.00
1763792841 521510912.00
1763792842 521216000.00
1763792843 519413760.00
1763792844 519413760.00
1763792845 518987776.00
1763792846 513912832.00
1763792847 513912832.00
1763792848 497500160.00
1763792849 497500160.00
1763792850 497504256.00
1763792851 497504256.00
1763792852 497504256.00
1763792853 497504256.00
1763792854 498274304.00
1763792854 498274304.00
1763792855 498167808.00
1763792856 498167808.00
1763792857 497541120.00
1763792858 497545216.00
1763792859 497545216.00
1763792860 497516544.00
1763792861 497516544.00
1763792862 497512448.00
1763792863 497512448.00
1763792864 497512448.00
1763792865 497516544.00
1763792866 497516544.00
1763792867 500658176.00
1763792867 500658176.00
1763792868 500658176.00
1763792869 500658176.00
1763792870 500658176.00
1763792871 500256768.00
1763792872 500260864.00
1763792873 500260864.00
1763792874 500260864.00
1763792875 500236288.00
1763792876 500236288.00
1763792877 500236288.00
1763792878 500244480.00
1763792879 500240384.00
1763792880 500240384.00
1763792881 500240384.00
1763792882 500240384.00
1763792883 500240384.00
1763792884 500355072.00
1763792885 500355072.00
1763792886 500854784.00
1763792887 500854784.00
1763792888 500523008.00
1763792889 500350976.00
1763792890 500350976.00
1763792891 500342784.00
1763792892 500604928.00
1763792893 500604928.00
1763792894 500334592.00
1763792895 500334592.00
1763792896 500334592.00
1763792897 500854784.00
1763792898 500854784.00
1763792898 500854784.00
1763792899 500490240.00
1763792900 500350976.00
1763792901 500350976.00
1763792902 500371456.00
1763792903 500346880.00
1763792904 500342784.00
1763792905 500342784.00
1763792906 500342784.00
1763792907 500342784.00
1763792908 500342784.00
1763792909 500604928.00
1763792910 500604928.00
1763792910 500830208.00
1763792911 500830208.00
1763792912 500363264.00
1763792913 500523008.00
1763792914 500535296.00
1763792915 500535296.00
1763792916 500363264.00
1763792917 500363264.00
1763792918 500363264.00
1763792919 500363264.00
1763792920 500363264.00
1763792921 500363264.00
1763792921 500363264.00
1763792922 500559872.00
1763792923 500559872.00
1763792924 500559872.00
1763792925 500559872.00
1763792926 500666368.00
1763792927 500666368.00
1763792928 500662272.00
1763792929 500408320.00
1763792930 500408320.00
1763792931 500408320.00
1763792932 500408320.00
1763792933 500412416.00
1763792934 500846592.00
1763792934 500846592.00
1763792935 500563968.00
1763792936 500563968.00
1763792937 500924416.00
1763792938 500924416.00
1763792939 500453376.00
1763792940 500453376.00
1763792941 500453376.00
1763792942 500453376.00
1763792943 500453376.00
1763792944 500420608.00
1763792945 500420608.00
1763792946 500416512.00
1763792947 500400128.00
1763792948 500400128.00
1763792949 500396032.00
