1763791631 16.25
1763791632 16.07
1763791633 16.33
1763791634 16.18
1763791635 16.91
1763791636 16.49
1763791637 16.82
1763791638 16.89
1763791639 16.89
1763791640 16.65
1763791641 16.96
1763791642 16.72
1763791643 16.67
1763791800 0.02
1763791801 0.02
1763791802 0.02
1763791803 0.02
1763791804 0.48
1763791805 0.51
1763791806 0.52
1763791807 0.52
1763791808 0.51
1763791809 0.52
1763791810 0.52
1763791811 0.52
1763791812 0.52
1763791813 0.52
1763791814 0.74
1763791828 1.39
1763791829 1.34
1763791830 1.37
1763791831 1.87
1763791832 1.87
1763791833 1.89
1763791834 1.84
1763791835 1.90
1763791836 1.85
1763791837 1.87
1763791838 1.87
1763791839 1.87
1763792462 0.01
1763792463 0.01
1763792464 0.01
1763792465 0.01
1763792466 0.01
1763792467 0.62
1763792468 0.62
1763792469 0.63
1763792470 0.63
1763792471 0.63
1763792472 0.64
1763792473 0.64
1763792474 0.64
1763792475 0.64
1763792476 0.64
1763792477 0.64
1763792478 0.82
1763792478 0.82
1763792479 1.52
1763792480 1.56
1763792481 1.52
1763792482 2.00
1763792483 2.04
1763792484 2.03
1763792485 2.03
1763792486 2.01
1763792487 2.06
1763792488 2.07
1763792489 2.07
1763792490 2.07
1763792491 2.45
1763792491 2.45
1763792492 3.03
1763792493 3.03
1763792494 3.01
1763792495 3.46
1763792496 3.57
1763792497 3.47
1763792498 3.61
1763792499 3.49
1763792500 3.59
1763792501 3.52
1763792502 3.51
1763792503 3.49
1763792504 3.57
1763792505 3.49
1763792506 3.55
1763792507 4.55
1763792508 4.55
1763792509 4.60
1763792510 4.60
1763792511 5.03
1763792512 5.06
1763792513 5.07
1763792514 5.07
1763792515 5.02
1763792516 4.98
1763792517 5.13
1763792518 5.02
1763792519 5.11
1763792519 5.88
1763792520 6.04
1763792521 6.17
1763792522 6.16
1763792523 6.49
1763792524 6.54
1763792525 6.10
1763792526 5.94
1763792527 6.12
1763792528 5.96
1763792529 5.99
1763792530 6.06
1763792531 6.01
1763792532 6.14
1763792533 6.25
1763792534 7.22
1763792535 7.09
1763792536 7.07
1763792537 7.07
1763792538 6.69
1763792539 6.72
1763792540 6.57
1763792541 6.26
1763792542 6.23
1763792543 6.19
1763792544 6.32
1763792545 6.75
1763792545 6.75
1763792546 6.95
1763792547 7.36
1763792548 7.60
1763792549 7.39
1763792550 7.52
1763792551 6.97
1763792552 7.03
1763792553 7.03
1763792554 6.54
1763792555 6.62
1763792556 6.53
1763792557 6.53
1763792558 6.52
1763792559 6.53
1763792560 6.53
1763792561 7.29
1763792561 7.29
1763792562 7.44
1763792563 7.79
1763792564 7.62
1763792565 7.73
1763792566 7.24
1763792567 7.28
1763792568 7.18
1763792569 6.80
1763792570 6.67
1763792571 6.75
1763792572 7.23
1763792572 7.23
1763792573 7.52
1763792574 7.92
1763792575 8.01
1763792576 8.04
1763792577 7.90
1763792578 7.56
1763792579 7.35
1763792580 7.35
1763792581 7.35
1763792582 6.89
1763792583 6.85
1763792584 7.04
1763792585 6.90
1763792586 8.03
1763792586 8.03
1763792587 8.03
1763792588 8.13
1763792589 8.35
1763792590 8.47
1763792591 8.44
1763792592 7.57
1763792593 7.57
1763792594 7.47
1763792595 7.33
1763792596 7.25
1763792597 7.11
1763792598 8.36
1763792599 8.41
1763792600 8.24
1763792601 8.39
1763792602 8.85
1763792603 8.29
1763792604 8.28
1763792605 7.73
1763792606 7.56
1763792607 7.77
1763792608 7.57
1763792609 6.98
1763792610 7.10
1763792611 7.62
1763792611 7.62
1763792612 8.45
1763792613 8.45
1763792614 8.46
1763792615 8.46
1763792616 8.96
1763792617 8.81
1763792618 8.84
1763792619 8.33
1763792620 8.15
1763792621 7.73
1763792622 7.73
1763792622 7.73
1763792623 7.72
1763792624 7.28
1763792625 7.07
1763792626 9.13
1763792627 9.13
1763792628 9.03
1763792629 8.98
1763792630 8.96
1763792631 8.51
1763792632 7.97
1763792633 7.78
1763792634 8.05
1763792635 7.79
1763792636 7.83
1763792637 7.83
1763792637 8.60
1763792638 8.84
1763792639 8.89
1763792640 8.78
1763792641 8.94
1763792642 9.25
1763792643 9.44
1763792644 9.23
1763792645 8.18
1763792646 8.17
1763792647 8.04
1763792647 8.04
1763792648 7.71
1763792649 7.71
1763792650 9.00
1763792651 9.18
1763792652 9.67
1763792653 9.51
1763792654 9.61
1763792655 9.35
1763792656 8.32
1763792657 8.17
1763792658 8.17
1763792659 8.22
1763792660 7.83
1763792661 7.72
1763792662 8.07
1763792663 8.70
1763792663 8.70
1763792664 8.89
1763792665 9.29
1763792666 9.29
1763792667 9.29
1763792668 9.81
1763792669 9.32
1763792670 9.19
1763792671 8.41
1763792672 8.33
1763792673 8.48
1763792674 8.00
1763792675 8.00
1763792676 7.96
1763792677 9.47
1763792678 9.68
1763792679 9.88
1763792680 9.92
1763792681 10.09
1763792682 10.01
1763792683 9.93
1763792684 10.13
1763792685 8.10
1763792686 8.08
1763792687 8.08
1763792688 9.04
1763792688 9.04
1763792689 9.25
1763792690 9.83
1763792691 9.64
1763792692 9.75
1763792693 10.30
1763792694 10.30
1763792695 9.82
1763792696 8.90
1763792697 8.95
1763792698 8.76
1763792699 8.63
1763792700 8.38
1763792701 8.25
1763792702 8.44
1763792703 8.49
1763792704 8.52
1763792701 8.25
1763792702 8.44
1763792703 8.49
1763792704 8.52
1763792705 10.25
1763792706 10.25
1763792707 10.43
1763792708 9.65
1763792709 9.44
1763792710 8.59
1763792711 8.39
1763792712 8.50
1763792713 8.30
1763792714 8.58
1763792715 8.44
1763792716 8.73
1763792717 9.90
1763792718 10.08
1763792719 10.24
1763792720 10.03
1763792721 9.98
1763792722 9.53
1763792723 9.17
1763792724 8.99
1763792725 9.23
1763792726 8.74
1763792727 8.56
1763792728 8.63
1763792729 8.63
1763792730 8.61
1763792731 8.63
1763792731 8.63
1763792732 8.74
1763792733 8.64
1763792734 8.68
1763792735 8.95
1763792736 10.12
1763792737 8.87
1763792738 8.71
1763792739 8.94
1763792740 8.89
1763792741 8.70
1763792742 8.92
1763792743 8.90
1763792744 8.65
1763792745 8.92
1763792746 7.96
1763792747 8.50
1763792748 8.94
1763792749 8.94
1763792750 9.00
1763792751 8.84
1763792752 8.93
1763792753 9.16
1763792754 8.91
1763792755 8.95
1763792756 8.76
1763792757 8.94
1763792758 8.99
1763792759 8.89
1763792760 9.12
1763792761 9.09
1763792762 9.94
1763792762 9.94
1763792763 8.73
1763792764 9.09
1763792765 8.71
1763792766 8.89
1763792767 9.08
1763792768 9.11
1763792769 9.11
1763792770 9.11
1763792771 9.02
1763792772 9.24
1763792773 8.98
1763792774 8.95
1763792775 7.63
1763792776 7.51
1763792777 7.43
1763792778 7.43
1763792778 7.43
1763792779 8.32
1763792780 8.07
1763792781 8.19
1763792782 8.35
1763792783 8.33
1763792784 8.33
1763792785 8.21
1763792786 8.25
1763792787 8.30
1763792787 8.30
1763792788 9.04
1763792789 9.34
1763792790 9.60
1763792791 9.22
1763792792 9.38
1763792793 9.30
1763792794 9.08
1763792795 7.40
1763792796 7.35
1763792797 7.48
1763792798 7.49
1763792799 8.02
1763792799 8.02
1763792800 8.46
1763792801 8.68
1763792802 8.73
1763792803 8.81
1763792804 8.80
1763792805 8.80
1763792806 8.10
1763792807 7.06
1763792808 7.08
1763792809 7.08
1763792810 6.99
1763792811 6.51
1763792812 7.08
1763792813 8.23
1763792813 8.23
1763792814 8.74
1763792815 9.05
1763792816 9.25
1763792817 8.95
1763792818 8.95
1763792819 8.91
1763792820 7.85
1763792821 7.67
1763792822 7.25
1763792823 7.25
1763792824 6.98
1763792825 6.88
1763792826 6.91
1763792827 6.93
