1763807032 1068728320.00
1763807033 1068728320.00
1763807034 1068986368.00
1763807035 1068888064.00
1763807036 1068728320.00
1763807037 1068728320.00
1763807038 1068728320.00
1763807039 1068728320.00
1763807040 1068728320.00
1763807041 1068732416.00
1763807042 1069096960.00
1763807042 1069096960.00
1763807043 1069096960.00
1763807044 1068793856.00
1763807045 1068814336.00
1763807046 1068814336.00
1763807047 1069076480.00
1763807048 1068797952.00
1763807049 1068797952.00
1763807050 1068797952.00
1763807051 1068797952.00
1763807051 1068797952.00
1763807052 1068797952.00
1763807053 1068797952.00
1763807054 1068957696.00
1763807055 1068875776.00
1763807056 1068875776.00
1763807057 1068875776.00
1763807058 1068875776.00
1763807059 1068867584.00
1763807060 1068867584.00
1763807061 1068867584.00
1763807062 1068867584.00
1763807063 1068867584.00
1763807064 1069342720.00
1763807064 1069342720.00
1763807065 1069342720.00
1763807066 1069244416.00
1763807067 1069244416.00
1763807068 1069068288.00
1763807069 1068900352.00
1763807070 1068900352.00
1763807071 1068900352.00
1763807072 1068900352.00
1763807073 1068900352.00
1763807074 1068900352.00
1763807074 1068900352.00
1763807075 1068900352.00
1763807076 1068953600.00
1763807077 1069088768.00
1763807078 1069088768.00
1763807079 1068957696.00
1763807080 1068957696.00
1763807081 1068957696.00
1763807082 1068957696.00
1763807083 1068957696.00
1763807084 1068957696.00
1763807085 1068961792.00
1763807085 1068961792.00
1763807086 1069330432.00
1763807087 1069330432.00
1763807088 1069006848.00
1763807089 1069006848.00
1763807090 1068994560.00
1763807091 1068994560.00
1763807092 1068994560.00
1763807093 1068994560.00
1763807094 1068994560.00
1763807095 1068994560.00
1763807096 1068994560.00
1763807097 1069494272.00
1763807097 1069494272.00
1763807098 1069068288.00
1763807099 1069068288.00
1763807100 1069092864.00
1763807101 1069064192.00
1763807102 1069064192.00
1763807103 1069051904.00
1763807104 1069051904.00
1763807105 1069051904.00
1763807106 1069051904.00
1763807107 1069527040.00
1763807109 1069092864.00
1763807110 1069092864.00
1763807111 1069056000.00
1763807112 1069056000.00
1763807113 1069056000.00
1763807114 1069056000.00
1763807115 1069056000.00
1763807116 1069056000.00
1763807117 1069056000.00
1763807118 1069056000.00
1763807119 1069232128.00
1763807120 1069232128.00
1763807121 1069498368.00
1763807122 1069191168.00
1763807123 1069187072.00
1763807124 1069187072.00
1763807125 1069056000.00
1763807126 1069056000.00
1763807127 1069047808.00
1763807128 1069047808.00
1763807129 1069047808.00
1763807130 1069047808.00
1763807131 1069047808.00
1763807132 1069047808.00
1763807132 1069047808.00
1763807133 1069424640.00
1763807134 1069666304.00
1763807135 1069056000.00
1763807136 1069056000.00
1763807137 1069056000.00
1763807138 1069056000.00
1763807139 1069056000.00
1763807140 1069056000.00
1763807141 1069056000.00
1763807142 1069924352.00
1763807142 1069924352.00
1763807143 1069924352.00
1763807144 1069101056.00
1763807145 1069150208.00
1763807146 1069150208.00
1763807147 1069105152.00
1763807148 1069105152.00
1763807149 1069105152.00
1763807150 1069105152.00
1763807151 1069105152.00
1763807152 1069105152.00
1763807153 1069105152.00
1763807154 1069064192.00
1763807155 1069649920.00
1763807155 1069649920.00
1763807156 1069395968.00
1763807157 1069395968.00
1763807158 1069301760.00
1763807159 1069113344.00
1763807160 1069109248.00
1763807161 1069109248.00
1763807162 1069109248.00
1763807163 1069731840.00
1763807163 1069731840.00
1763807164 1069121536.00
1763807165 1069121536.00
1763807166 1069248512.00
1763807167 1069117440.00
1763807168 1069117440.00
1763807169 1069117440.00
1763807170 1069117440.00
1763807171 1069117440.00
1763807172 1069117440.00
1763807173 1069117440.00
1763807173 1069117440.00
1763807174 1070202880.00
1763807175 1070202880.00
1763807176 1069367296.00
1763807177 1069281280.00
1763807178 1069281280.00
1763807179 1069154304.00
1763807180 1069154304.00
1763807181 1069158400.00
1763807182 1069158400.00
1763807183 1069137920.00
1763807184 1069137920.00
1763807185 1069137920.00
1763807186 1069137920.00
1763807187 1069137920.00
1763807188 1069502464.00
1763807188 1069502464.00
1763807189 1069604864.00
1763807190 1069162496.00
1763807191 1069162496.00
1763807192 1069162496.00
1763807193 1069162496.00
1763807194 1069162496.00
1763807195 1069162496.00
1763807196 1069162496.00
1763807197 1069162496.00
1763807197 1069162496.00
1763807198 1069694976.00
1763807199 1069694976.00
1763807200 1069367296.00
1763807201 1069342720.00
1763807202 1069342720.00
1763807203 1069195264.00
1763807204 1069195264.00
1763807205 1069195264.00
1763807206 1069195264.00
1763807207 1069187072.00
1763807208 1069187072.00
1763807208 1069187072.00
1763807209 1069539328.00
1763807210 1069539328.00
1763807211 1069428736.00
1763807212 1069260800.00
1763807213 1069260800.00
1763807214 1069260800.00
1763807215 1069260800.00
1763807216 1069219840.00
1763807217 1069219840.00
1763807218 1069219840.00
1763807219 1069219840.00
1763807220 1069219840.00
1763807220 1069219840.00
1763807221 1069338624.00
1763807222 1069338624.00
1763807223 1069264896.00
1763807224 1069219840.00
1763807225 1069219840.00
1763807226 1069219840.00
1763807227 1069219840.00
1763807228 1069219840.00
1763807229 1069219840.00
1763807230 1069219840.00
1763807231 1069219840.00
1763807232 1069170688.00
1763807233 1069170688.00
1763807233 1069920256.00
1763807234 1069920256.00
1763807235 1069539328.00
1763807236 1069240320.00
1763807237 1069215744.00
1763807238 1069215744.00
1763807239 1069215744.00
1763807240 1069215744.00
1763807241 1069215744.00
1763807242 1069207552.00
1763807243 1069207552.00
1763807244 1069207552.00
1763807244 1069207552.00
1763807245 1069359104.00
1763807246 1069359104.00
1763807247 1069371392.00
1763807248 1069355008.00
1763807249 1069350912.00
1763807250 1069350912.00
1763807251 1069223936.00
1763807252 1069223936.00
1763807253 1069223936.00
1763807254 1069223936.00
1763807255 1069191168.00
1763807256 1069191168.00
1763807257 1070272512.00
1763807257 1070272512.00
1763807258 1070272512.00
1763807259 1069268992.00
1763807260 1069268992.00
1763807261 1069264896.00
1763807262 1069264896.00
1763807263 1069264896.00
1763807264 1069264896.00
1763807265 1069244416.00
1763807266 1069240320.00
1763807267 1069223936.00
1763807268 1069223936.00
1763807269 1069223936.00
1763807270 1069223936.00
1763807271 1069527040.00
1763807272 1069527040.00
1763807273 1069527040.00
1763807268 1069223936.00
1763807269 1069223936.00
1763807270 1069223936.00
1763807271 1069457408.00
1763807272 1069457408.00
1763807273 1069453312.00
1763807274 1069441024.00
1763807275 1069441024.00
1763807276 1069441024.00
1763807277 1069441024.00
1763807278 1069400064.00
1763807279 1069400064.00
1763807280 1069400064.00
1763807280 1070014464.00
1763807281 1070014464.00
1763807282 1069555712.00
1763807283 1069555712.00
1763807284 1069686784.00
1763807285 1069547520.00
1763807286 1069547520.00
1763807287 1069547520.00
1763807288 1069547520.00
1763807289 1069547520.00
1763807290 1069547520.00
1763807291 1069547520.00
1763807292 1070198784.00
1763807293 1069731840.00
1763807294 1069731840.00
1763807295 1069854720.00
1763807296 1069596672.00
1763807297 1069596672.00
1763807298 1069596672.00
1763807299 1069596672.00
1763807300 1070166016.00
1763807301 1070075904.00
1763807302 1070075904.00
1763807303 1069780992.00
1763807304 1069613056.00
1763807305 1069613056.00
1763807306 1069596672.00
1763807307 1069596672.00
1763807308 1069596672.00
1763807309 1069596672.00
1763807310 1069596672.00
1763807311 1069596672.00
1763807312 1069596672.00
1763807313 1069596672.00
1763807314 1070075904.00
1763807314 1070075904.00
1763807315 1070075904.00
1763807316 1070239744.00
1763807317 1070239744.00
1763807318 1069637632.00
1763807319 1069637632.00
1763807320 1069637632.00
1763807321 1069637632.00
1763807322 1069637632.00
1763807323 1069641728.00
1763807324 1069641728.00
1763807325 1070575616.00
1763807325 1070575616.00
1763807326 1069666304.00
1763807327 1069666304.00
1763807328 1069666304.00
1763807329 1069666304.00
1763807330 1069649920.00
1763807331 1069649920.00
1763807332 1069649920.00
1763807333 1069649920.00
1763807334 1069649920.00
1763807335 1069649920.00
1763807335 1069649920.00
1763807336 1069727744.00
1763807337 1069850624.00
1763807338 1069850624.00
1763807339 1069682688.00
1763807340 1069658112.00
1763807341 1069658112.00
1763807342 1069658112.00
1763807343 1069658112.00
1763807344 1069658112.00
1763807345 1069658112.00
1763807346 1069658112.00
1763807347 1069658112.00
1763807348 1070231552.00
1763807349 1070231552.00
1763807350 1069666304.00
1763807351 1069666304.00
1763807352 1069801472.00
1763807353 1069670400.00
1763807354 1069662208.00
1763807355 1069662208.00
1763807356 1070317568.00
1763807357 1070317568.00
1763807357 1072029696.00
1763807358 1072029696.00
1763807359 1071788032.00
1763807360 1071788032.00
1763807361 1071779840.00
1763807362 1071779840.00
1763807363 1071779840.00
1763807364 1071779840.00
1763807365 1071779840.00
1763807366 1071779840.00
1763807367 1071779840.00
1763807368 1072189440.00
1763807369 1072189440.00
1763807370 1072136192.00
1763807371 1071980544.00
1763807372 1071980544.00
1763807373 1071906816.00
1763807374 1071906816.00
1763807375 1071906816.00
1763807376 1071906816.00
1763807377 1071906816.00
1763807378 1071906816.00
1763807378 1071906816.00
1763807379 1071906816.00
1763807380 1071980544.00
1763807381 1071980544.00
1763807382 1072287744.00
1763807383 1071898624.00
1763807384 1071898624.00
1763807385 1071898624.00
1763807386 1071898624.00
1763807387 1071898624.00
1763807388 1071898624.00
1763807389 1071898624.00
1763807390 1072685056.00
1763807390 1072685056.00
1763807391 1072087040.00
1763807392 1072087040.00
1763807393 1072099328.00
1763807394 1072099328.00
1763807395 1071923200.00
1763807396 1071923200.00
1763807397 1071910912.00
1763807398 1071910912.00
1763807399 1071910912.00
1763807400 1071910912.00
1763807401 1071910912.00
1763807402 1072664576.00
1763807402 1072664576.00
1763807403 1071996928.00
1763807404 1071996928.00
1763807405 1071947776.00
1763807406 1071947776.00
1763807407 1071947776.00
1763807408 1071947776.00
1763807409 1071915008.00
1763807410 1071915008.00
1763807411 1071915008.00
1763807412 1071915008.00
1763807413 1071915008.00
1763807413 1071915008.00
1763807414 1071935488.00
1763807415 1072078848.00
1763807416 1072078848.00
1763807417 1071931392.00
1763807418 1071927296.00
1763807419 1071927296.00
1763807420 1071927296.00
1763807421 1071927296.00
1763807422 1071915008.00
1763807423 1071915008.00
1763807424 1071915008.00
1763807425 1071915008.00
1763807426 1071915008.00
1763807427 1071915008.00
1763807427 1071915008.00
1763807428 1072525312.00
1763807429 1071927296.00
1763807430 1071947776.00
1763807431 1071947776.00
1763807432 1071927296.00
1763807433 1071927296.00
1763807434 1071927296.00
1763807435 1071927296.00
1763807436 1072295936.00
1763807436 1072295936.00
1763807437 1072295936.00
1763807438 1072062464.00
1763807439 1072078848.00
1763807440 1072078848.00
1763807441 1071935488.00
1763807442 1071935488.00
1763807443 1071935488.00
1763807444 1071935488.00
1763807445 1071935488.00
1763807446 1071902720.00
1763807447 1072361472.00
1763807448 1072361472.00
1763807448 1072361472.00
1763807449 1072001024.00
1763807450 1072001024.00
1763807451 1072099328.00
1763807452 1072099328.00
1763807453 1071947776.00
1763807454 1071947776.00
1763807455 1071947776.00
1763807456 1071943680.00
1763807457 1071943680.00
1763807458 1071943680.00
1763807459 1071943680.00
1763807459 1071943680.00
1763807460 1071943680.00
1763807461 1071943680.00
1763807462 1072263168.00
1763807463 1072263168.00
1763807464 1071955968.00
1763807465 1071955968.00
1763807466 1071955968.00
1763807467 1071955968.00
1763807468 1071910912.00
1763807469 1071910912.00
1763807470 1071898624.00
1763807471 1071898624.00
1763807472 1071898624.00
1763807473 1071898624.00
1763807474 1072291840.00
1763807474 1072291840.00
1763807475 1071960064.00
1763807476 1071960064.00
1763807477 1071976448.00
1763807478 1071976448.00
1763807479 1071779840.00
1763807480 1071779840.00
1763807481 1071779840.00
1763807482 1071779840.00
1763807483 1071779840.00
1763807484 1071751168.00
1763807485 1071730688.00
1763807486 1071730688.00
1763807487 1071726592.00
1763807488 1072029696.00
1763807488 1072029696.00
1763807489 1072029696.00
1763807490 1071783936.00
1763807491 1071783936.00
1763807492 1071783936.00
1763807493 1071783936.00
1763807494 1071755264.00
1763807495 1071755264.00
1763807496 1071755264.00
1763807497 1071755264.00
1763807498 1071718400.00
1763807499 1071718400.00
1763807500 1072246784.00
1763807501 1072246784.00
1763807502 1071808512.00
1763807503 1071808512.00
1763807504 1071915008.00
1763807505 1071783936.00
1763807506 1071783936.00
1763807507 1071738880.00
1763807508 1071738880.00
1763807509 1071738880.00
1763807510 1071738880.00
1763807511 1071738880.00
1763807512 1071738880.00
1763807513 1071738880.00
1763807514 1071738880.00
1763807514 1071738880.00
1763807515 1072017408.00
1763807516 1072017408.00
1763807517 1071874048.00
1763807518 1071874048.00
1763807519 1071874048.00
1763807520 1071841280.00
1763807521 1071841280.00
1763807522 1071841280.00
1763807523 1071841280.00
1763807524 1071841280.00
1763807525 1071841280.00
1763807526 1071841280.00
1763807526 1071841280.00
1763807527 1071841280.00
1763807528 1071841280.00
1763807529 1072226304.00
1763807530 1072226304.00
1763807531 1071955968.00
1763807532 1071955968.00
1763807533 1071955968.00
1763807534 1071955968.00
1763807535 1071927296.00
1763807536 1071927296.00
1763807537 1072521216.00
1763807538 1072496640.00
1763807538 1072496640.00
1763807539 1072496640.00
1763807540 1072013312.00
1763807541 1072152576.00
1763807542 1072152576.00
1763807543 1072009216.00
1763807544 1071960064.00
1763807545 1071935488.00
1763807546 1072672768.00
1763807546 1072672768.00
1763807547 1072672768.00
1763807548 1072025600.00
1763807549 1072201728.00
1763807550 1072017408.00
1763807551 1072017408.00
1763807552 1072017408.00
1763807553 1072017408.00
1763807554 1072017408.00
1763807555 1072017408.00
1763807556 1072017408.00
1763807557 1072398336.00
1763807558 1072398336.00
1763807559 1072680960.00
1763807559 1072680960.00
1763807560 1072226304.00
1763807561 1072238592.00
1763807562 1072238592.00
1763807563 1072345088.00
1763807564 1072218112.00
1763807565 1072218112.00
1763807566 1072218112.00
1763807567 1072218112.00
1763807568 1072218112.00
1763807569 1072214016.00
1763807569 1072214016.00
1763807570 1072214016.00
1763807571 1072640000.00
1763807572 1072332800.00
1763807573 1072332800.00
1763807574 1072324608.00
1763807575 1072324608.00
1763807576 1072324608.00
1763807577 1072324608.00
1763807578 1072324608.00
1763807579 1072324608.00
1763807580 1072324608.00
1763807581 1073012736.00
1763807582 1073012736.00
1763807582 1073012736.00
1763807583 1072852992.00
1763807584 1072689152.00
1763807585 1072689152.00
1763807586 1072447488.00
1763807587 1072447488.00
1763807588 1072435200.00
1763807589 1072435200.00
1763807590 1072435200.00
1763807591 1072435200.00
1763807592 1072435200.00
1763807593 1072435200.00
1763807594 1072435200.00
1763807595 1073184768.00
1763807596 1073184768.00
1763807597 1072259072.00
1763807598 1072386048.00
1763807599 1072218112.00
1763807600 1072218112.00
1763807601 1072218112.00
1763807602 1072218112.00
1763807603 1072218112.00
1763807604 1072832512.00
1763807605 1072791552.00
1763807605 1072791552.00
1763807606 1072791552.00
1763807607 1072271360.00
1763807608 1072226304.00
1763807609 1072226304.00
1763807610 1072226304.00
1763807611 1072226304.00
1763807612 1072226304.00
1763807613 1072226304.00
1763807614 1072226304.00
1763807615 1072226304.00
1763807616 1072685056.00
1763807617 1072578560.00
1763807618 1072578560.00
1763807619 1072283648.00
1763807620 1072283648.00
1763807621 1072160768.00
1763807622 1072160768.00
1763807623 1072160768.00
1763807623 1072160768.00
1763807624 1072160768.00
1763807625 1072160768.00
1763807626 1072513024.00
1763807627 1072218112.00
1763807628 1072218112.00
1763807629 1072218112.00
1763807630 1072218112.00
1763807631 1072218112.00
1763807632 1072218112.00
1763807633 1072218112.00
1763807634 1072218112.00
1763807635 1072218112.00
1763807636 1072197632.00
1763807637 1072197632.00
1763807638 1072189440.00
1763807638 1072189440.00
1763807639 1072304128.00
1763807640 1072209920.00
1763807641 1072209920.00
1763807642 1072156672.00
1763807643 1072156672.00
1763807644 1072148480.00
1763807645 1072148480.00
1763807646 1072148480.00
1763807647 1072148480.00
1763807648 1072148480.00
1763807649 1072152576.00
1763807650 1072152576.00
1763807651 1072775168.00
1763807651 1072775168.00
1763807652 1072308224.00
1763807653 1072308224.00
1763807654 1072308224.00
1763807655 1072308224.00
1763807656 1072295936.00
1763807657 1072295936.00
1763807658 1072295936.00
1763807659 1072295936.00
1763807660 1072259072.00
1763807661 1072259072.00
1763807662 1072848896.00
1763807662 1072848896.00
1763807663 1072410624.00
1763807664 1072365568.00
1763807665 1072365568.00
1763807666 1072320512.00
1763807667 1072320512.00
1763807668 1072320512.00
1763807669 1072320512.00
1763807670 1072320512.00
1763807671 1072320512.00
1763807672 1072320512.00
1763807673 1072320512.00
1763807674 1072865280.00
1763807674 1072865280.00
1763807675 1072779264.00
1763807676 1072672768.00
1763807677 1072672768.00
1763807678 1072410624.00
1763807679 1072410624.00
1763807680 1072394240.00
1763807681 1072394240.00
1763807682 1072394240.00
1763807683 1072394240.00
1763807684 1072668672.00
1763807685 1072668672.00
1763807685 1072640000.00
1763807686 1072640000.00
1763807687 1072431104.00
1763807688 1072431104.00
1763807689 1072402432.00
1763807690 1072402432.00
1763807691 1072402432.00
1763807692 1072402432.00
1763807693 1072402432.00
1763807694 1072402432.00
1763807695 1072402432.00
1763807696 1072660480.00
1763807697 1072660480.00
1763807697 1072754688.00
1763807698 1072754688.00
1763807699 1072336896.00
1763807700 1072328704.00
1763807701 1072328704.00
1763807702 1072324608.00
1763807703 1072324608.00
1763807704 1072324608.00
1763807705 1072324608.00
1763807706 1072324608.00
1763807707 1072324608.00
1763807707 1072324608.00
1763807708 1072500736.00
1763807709 1072353280.00
1763807710 1072459776.00
1763807711 1072459776.00
1763807712 1072336896.00
1763807713 1072336896.00
1763807714 1072328704.00
1763807715 1072324608.00
1763807716 1072324608.00
1763807717 1072328704.00
1763807718 1072328704.00
1763807719 1073270784.00
1763807719 1073270784.00
1763807720 1072889856.00
1763807721 1072369664.00
1763807722 1072369664.00
1763807723 1072357376.00
1763807724 1072357376.00
1763807725 1072340992.00
1763807726 1072340992.00
1763807727 1072340992.00
1763807728 1072340992.00
1763807729 1073205248.00
1763807730 1072963584.00
1763807730 1072963584.00
1763807731 1072361472.00
1763807732 1072361472.00
1763807733 1072181248.00
1763807734 1072177152.00
1763807735 1072177152.00
1763807736 1072128000.00
1763807737 1072128000.00
1763807738 1072128000.00
1763807739 1072128000.00
1763807740 1072123904.00
1763807741 1072123904.00
1763807742 1072123904.00
1763807743 1072123904.00
1763807744 1072349184.00
1763807745 1072599040.00
1763807746 1072599040.00
1763807747 1072156672.00
1763807748 1072156672.00
1763807749 1072263168.00
1763807750 1072136192.00
1763807751 1072136192.00
1763807752 1072136192.00
1763807753 1072136192.00
1763807754 1072136192.00
1763807755 1072500736.00
1763807756 1072500736.00
1763807756 1072500736.00
1763807757 1072500736.00
1763807758 1072365568.00
1763807759 1072472064.00
1763807760 1072140288.00
1763807761 1072140288.00
1763807762 1072140288.00
1763807763 1072132096.00
1763807764 1072132096.00
1763807765 1072107520.00
1763807766 1072558080.00
1763807767 1072558080.00
1763807767 1072386048.00
1763807768 1072386048.00
1763807769 1072136192.00
1763807770 1072304128.00
1763807771 1072304128.00
1763807772 1072144384.00
1763807773 1072144384.00
1763807774 1072144384.00
1763807775 1072144384.00
1763807776 1072144384.00
1763807777 1072074752.00
1763807778 1072074752.00
1763807779 1072455680.00
1763807780 1072599040.00
1763807781 1072562176.00
1763807781 1072562176.00
1763807782 1072562176.00
1763807783 1072189440.00
1763807784 1072189440.00
1763807785 1072160768.00
1763807786 1072160768.00
1763807787 1072082944.00
1763807788 1072082944.00
1763807789 1072082944.00
1763807790 1072054272.00
1763807791 1072054272.00
1763807792 1072054272.00
1763807793 1072054272.00
1763807794 1072054272.00
1763807795 1072054272.00
1763807796 1072054272.00
1763807797 1072054272.00
1763807798 1072054272.00
1763807798 1072054272.00
1763807799 1072054272.00
1763807800 1072054272.00
1763807801 1072054272.00
1763807802 1072054272.00
1763807803 1072107520.00
1763807804 1072103424.00
1763807805 1072103424.00
1763807806 1072078848.00
1763807807 1072078848.00
1763807808 1072078848.00
1763807809 1072078848.00
1763807810 1072078848.00
1763807811 1072078848.00
1763807811 1072078848.00
1763807812 1073397760.00
1763807813 1072222208.00
1763807814 1072222208.00
1763807815 1072230400.00
1763807816 1072218112.00
1763807817 1072091136.00
1763807818 1072091136.00
1763807819 1072091136.00
1763807820 1072091136.00
1763807821 1072091136.00
1763807822 1072443392.00
1763807823 1072443392.00
1763807824 1072283648.00
1763807825 1072250880.00
1763807826 1072250880.00
1763807827 1072214016.00
1763807828 1072214016.00
1763807829 1072087040.00
1763807830 1072087040.00
1763807831 1072087040.00
1763807832 1072087040.00
1763807833 1072758784.00
1763807834 1072758784.00
1763807834 1072758784.00
1763807835 1072676864.00
1763807836 1072676864.00
1763807837 1072357376.00
1763807838 1072115712.00
1763807839 1072107520.00
1763807840 1072107520.00
1763807841 1072107520.00
1763807842 1072107520.00
1763807843 1072082944.00
1763807844 1072082944.00
1763807845 1072533504.00
1763807846 1072533504.00
1763807846 1072533504.00
1763807847 1072525312.00
1763807848 1072193536.00
1763807849 1072361472.00
1763807850 1072193536.00
1763807851 1072193536.00
1763807852 1072193536.00
1763807853 1072193536.00
1763807854 1072193536.00
1763807855 1072119808.00
1763807856 1072119808.00
1763807857 1072107520.00
1763807858 1072107520.00
1763807859 1072107520.00
1763807860 1072107520.00
1763807861 1072107520.00
1763807862 1072107520.00
1763807863 1072107520.00
1763807864 1072107520.00
1763807865 1072107520.00
1763807866 1072087040.00
1763807866 1072087040.00
1763807867 1072046080.00
1763807868 1072517120.00
1763807869 1072316416.00
1763807870 1072316416.00
1763807871 1072005120.00
1763807872 1072001024.00
1763807873 1072001024.00
1763807874 1072001024.00
1763807875 1072001024.00
1763807876 1072398336.00
1763807877 1072398336.00
1763807877 1072398336.00
1763807878 1071988736.00
1763807879 1071988736.00
1763807880 1072013312.00
1763807881 1072013312.00
1763807882 1072013312.00
1763807883 1072148480.00
1763807884 1071992832.00
1763807885 1071992832.00
1763807886 1071992832.00
1763807887 1071992832.00
1763807888 1071980544.00
1763807889 1071980544.00
1763807890 1071972352.00
1763807891 1072697344.00
1763807892 1072697344.00
1763807893 1072652288.00
1763807893 1072652288.00
1763807894 1072173056.00
1763807895 1072173056.00
1763807896 1072345088.00
1763807897 1072345088.00
1763807898 1072037888.00
1763807899 1072037888.00
1763807900 1072037888.00
1763807901 1071984640.00
1763807902 1071984640.00
1763807903 1071980544.00
1763807904 1072558080.00
1763807905 1072689152.00
1763807906 1072689152.00
1763807906 1072689152.00
1763807907 1071878144.00
1763807908 1071878144.00
1763807909 1071878144.00
1763807910 1071874048.00
1763807911 1071874048.00
1763807912 1071874048.00
1763807913 1071874048.00
1763807914 1071874048.00
1763807915 1071874048.00
1763807916 1071874048.00
1763807917 1071874048.00
1763807918 1071874048.00
1763807919 1071874048.00
1763807920 1071874048.00
1763807921 1071874048.00
1763807922 1072824320.00
1763807923 1072459776.00
1763807923 1072459776.00
1763807924 1072533504.00
1763807925 1072201728.00
1763807926 1072021504.00
1763807927 1072021504.00
1763807928 1072021504.00
1763807929 1072021504.00
1763807930 1072021504.00
1763807931 1072021504.00
1763807932 1072021504.00
1763807933 1072021504.00
1763807933 1072021504.00
1763807934 1072640000.00
1763807935 1072128000.00
1763807936 1072128000.00
1763807937 1072082944.00
1763807938 1072082944.00
1763807939 1072082944.00
1763807940 1072082944.00
1763807941 1072082944.00
1763807942 1072074752.00
1763807943 1072074752.00
1763807944 1072074752.00
1763807945 1072074752.00
1763807946 1072074752.00
1763807947 1072553984.00
1763807947 1072553984.00
1763807948 1072553984.00
1763807949 1072209920.00
1763807950 1072209920.00
1763807951 1072218112.00
1763807952 1072091136.00
1763807953 1072091136.00
1763807954 1072091136.00
1763807955 1072844800.00
1763807956 1072697344.00
1763807956 1072697344.00
1763807957 1072697344.00
1763807958 1072611328.00
1763807959 1072234496.00
1763807960 1072234496.00
1763807961 1072214016.00
1763807962 1072132096.00
1763807963 1072132096.00
1763807964 1072132096.00
1763807965 1072132096.00
1763807966 1072132096.00
1763807967 1072132096.00
1763807968 1072099328.00
1763807969 1072099328.00
1763807970 1072099328.00
1763807971 1072099328.00
1763807972 1072099328.00
1763807973 1072099328.00
1763807974 1072099328.00
1763807975 1072099328.00
1763807976 1072099328.00
1763807977 1072099328.00
1763807978 1072099328.00
1763807979 1072074752.00
1763807980 1072013312.00
1763807981 1072013312.00
1763807982 1072013312.00
1763807983 1072013312.00
1763807984 1072013312.00
1763807985 1072013312.00
1763807986 1072144384.00
1763807987 1072144384.00
1763807988 1072115712.00
1763807989 1071988736.00
1763807990 1071988736.00
1763807991 1071906816.00
1763807992 1071906816.00
1763807993 1071906816.00
1763807994 1071906816.00
1763807995 1071878144.00
1763807996 1071878144.00
1763807997 1071878144.00
1763807998 1071878144.00
1763807999 1071878144.00
1763808000 1071878144.00
1763808001 1071878144.00
1763808002 1071878144.00
1763808003 1071878144.00
1763808004 1071878144.00
1763808005 1071878144.00
1763808006 1071878144.00
1763808007 1071878144.00
1763808008 1071796224.00
1763808009 1071796224.00
1763808010 1071796224.00
1763808011 1071796224.00
1763808012 1071796224.00
1763808013 1071796224.00
1763808014 1071796224.00
1763808015 1071693824.00
1763808016 1071685632.00
1763808017 1071685632.00
1763808018 1071685632.00
1763808019 1071685632.00
1763808020 1071685632.00
1763808021 1071661056.00
1763808022 1071661056.00
1763808023 1071661056.00
1763808024 1071661056.00
1763808025 1071661056.00
1763808026 1071661056.00
1763808027 1071661056.00
1763808028 1071661056.00
1763808029 1071661056.00
1763808030 1071661056.00
1763808031 1071661056.00
1763808032 1071661056.00
1763808033 1071661056.00
1763808034 1071661056.00
1763808035 1071661056.00
1763808036 1071661056.00
1763808037 1071661056.00
1763808038 1071661056.00
1763808039 1071661056.00
1763808040 1071661056.00
1763808041 1071661056.00
1763808042 1071661056.00
1763808043 1071656960.00
1763808044 1071656960.00
1763808045 1071656960.00
1763808046 1071656960.00
1763808047 1071656960.00
1763808048 1071656960.00
1763808049 1071656960.00
1763808050 1071656960.00
1763808051 1071656960.00
1763808052 1071656960.00
1763808053 1071656960.00
1763808054 1072148480.00
1763808055 1072148480.00
1763808056 1072148480.00
1763808057 1072148480.00
1763808058 1072148480.00
1763808059 1072148480.00
1763808060 1072148480.00
1763808061 1072148480.00
1763808062 1072148480.00
1763808063 1072664576.00
1763808064 1072631808.00
1763808065 1072631808.00
1763808065 1072812032.00
1763808066 1072812032.00
1763808067 1072553984.00
1763808068 1072553984.00
1763808069 1072267264.00
1763808070 1072267264.00
1763808071 1072267264.00
1763808072 1072267264.00
1763808073 1072267264.00
1763808074 1072267264.00
1763808075 1072267264.00
1763808076 1072267264.00
1763808077 1072881664.00
1763808078 1072881664.00
1763808079 1072975872.00
1763808079 1072975872.00
1763808080 1072975872.00
1763808081 1072394240.00
1763808082 1072390144.00
1763808083 1072390144.00
1763808084 1072386048.00
1763808085 1072386048.00
1763808086 1072386048.00
1763808087 1072386048.00
1763808088 1072386048.00
1763808089 1073131520.00
1763808089 1073131520.00
1763808090 1073131520.00
1763808091 1073352704.00
1763808092 1072631808.00
1763808093 1072631808.00
1763808094 1072500736.00
1763808095 1072500736.00
1763808096 1072500736.00
1763808097 1072500736.00
1763808098 1072500736.00
1763808099 1072500736.00
1763808100 1072500736.00
1763808101 1072910336.00
1763808102 1072910336.00
1763808103 1073135616.00
1763808103 1073135616.00
1763808104 1072627712.00
1763808105 1072627712.00
1763808106 1072893952.00
1763808107 1072893952.00
1763808108 1072623616.00
1763808109 1072623616.00
1763808110 1072623616.00
1763808111 1072623616.00
1763808112 1072623616.00
1763808113 1072623616.00
1763808114 1072623616.00
1763808114 1072623616.00
1763808115 1073156096.00
1763808116 1073156096.00
1763808117 1073004544.00
1763808118 1072844800.00
1763808119 1072836608.00
1763808120 1072836608.00
1763808121 1072791552.00
1763808122 1072791552.00
1763808123 1072791552.00
1763808124 1072791552.00
1763808125 1072750592.00
1763808126 1073082368.00
1763808127 1073082368.00
1763808128 1073504256.00
1763808129 1073504256.00
1763808130 1072906240.00
1763808131 1072906240.00
1763808132 1072857088.00
1763808133 1072857088.00
1763808134 1072857088.00
1763808135 1072857088.00
1763808136 1072857088.00
1763808137 1072857088.00
1763808138 1072771072.00
1763808139 1072771072.00
1763808140 1073319936.00
1763808140 1073319936.00
1763808141 1073500160.00
1763808142 1072865280.00
1763808143 1073139712.00
1763808144 1072988160.00
1763808145 1072828416.00
1763808146 1072828416.00
1763808147 1072828416.00
1763808148 1072779264.00
1763808149 1072779264.00
1763808150 1072762880.00
1763808151 1073164288.00
1763808152 1073164288.00
1763808153 1073164288.00
1763808153 1073246208.00
1763808154 1073246208.00
1763808155 1073012736.00
1763808156 1073012736.00
1763808157 1073123328.00
1763808158 1072840704.00
1763808159 1072840704.00
1763808160 1072812032.00
1763808161 1072812032.00
1763808162 1072812032.00
1763808163 1072783360.00
1763808164 1073684480.00
1763808165 1073684480.00
1763808166 1073242112.00
1763808167 1073242112.00
1763808168 1073364992.00
1763808169 1073217536.00
1763808170 1073217536.00
1763808171 1073217536.00
1763808172 1073152000.00
1763808173 1073131520.00
1763808174 1073881088.00
1763808175 1073881088.00
1763808176 1073881088.00
1763808176 1073557504.00
1763808177 1073557504.00
1763808178 1073291264.00
1763808179 1073291264.00
1763808180 1073246208.00
1763808181 1073213440.00
1763808182 1073213440.00
1763808183 1073213440.00
1763808184 1073213440.00
1763808185 1073213440.00
1763808186 1073201152.00
1763808187 1073201152.00
1763808188 1073123328.00
1763808189 1073860608.00
1763808190 1073577984.00
1763808191 1073577984.00
1763808191 1073577984.00
1763808192 1073508352.00
1763808193 1073508352.00
1763808194 1073250304.00
1763808195 1073356800.00
1763808196 1073356800.00
1763808197 1073143808.00
1763808198 1073143808.00
1763808199 1073135616.00
1763808200 1073102848.00
1763808201 1073102848.00
1763808202 1073438720.00
1763808203 1073438720.00
1763808204 1073913856.00
1763808204 1073913856.00
1763808205 1073516544.00
1763808206 1073516544.00
1763808207 1073291264.00
1763808208 1073262592.00
1763808209 1073147904.00
1763808210 1073147904.00
1763808211 1073147904.00
1763808212 1073147904.00
1763808213 1073147904.00
1763808214 1073115136.00
1763808215 1073115136.00
1763808216 1073115136.00
1763808217 1073115136.00
1763808218 1073889280.00
1763808219 1073729536.00
1763808219 1073729536.00
1763808220 1073729536.00
1763808221 1073606656.00
1763808222 1073344512.00
1763808223 1073344512.00
1763808224 1073217536.00
1763808225 1073152000.00
1763808226 1073152000.00
1763808227 1073152000.00
1763808228 1073152000.00
1763808229 1073795072.00
1763808230 1073569792.00
1763808231 1073569792.00
1763808231 1073569792.00
1763808232 1073274880.00
1763808233 1073414144.00
1763808234 1073414144.00
1763808235 1073274880.00
1763808236 1073147904.00
1763808237 1073147904.00
1763808238 1073135616.00
1763808239 1073135616.00
1763808240 1073135616.00
1763808241 1073504256.00
1763808242 1073504256.00
1763808243 1073709056.00
1763808244 1073774592.00
1763808244 1073774592.00
1763808245 1073262592.00
1763808246 1073471488.00
1763808247 1073278976.00
1763808248 1073278976.00
1763808249 1073143808.00
1763808250 1073143808.00
1763808251 1073143808.00
1763808252 1073143808.00
1763808253 1073143808.00
1763808254 1073737728.00
1763808255 1073737728.00
1763808256 1073737728.00
1763808256 1073676288.00
1763808257 1073676288.00
1763808258 1073283072.00
1763808259 1073283072.00
1763808260 1073250304.00
1763808261 1073192960.00
1763808262 1073192960.00
1763808263 1073192960.00
1763808264 1073192960.00
1763808265 1073164288.00
1763808266 1073164288.00
1763808267 1073164288.00
1763808268 1073164288.00
1763808269 1073164288.00
1763808270 1073164288.00
1763808271 1073164288.00
1763808272 1074040832.00
1763808273 1074040832.00
1763808273 1074040832.00
1763808274 1073414144.00
1763808275 1073414144.00
1763808276 1073315840.00
1763808277 1073172480.00
1763808278 1073172480.00
1763808279 1073172480.00
1763808280 1073160192.00
1763808281 1073160192.00
1763808282 1073160192.00
1763808283 1073160192.00
1763808284 1073696768.00
1763808285 1073696768.00
1763808285 1073696768.00
1763808286 1073745920.00
1763808287 1073745920.00
1763808288 1073385472.00
1763808289 1073385472.00
1763808290 1073197056.00
1763808291 1073197056.00
1763808292 1073197056.00
1763808293 1073197056.00
1763808294 1073197056.00
1763808295 1073197056.00
1763808296 1073197056.00
1763808297 1073197056.00
1763808298 1073197056.00
1763808299 1073119232.00
1763808300 1073729536.00
1763808301 1073729536.00
1763808302 1074081792.00
1763808302 1074081792.00
1763808303 1073528832.00
1763808304 1073373184.00
1763808305 1073373184.00
1763808306 1073311744.00
1763808307 1073180672.00
1763808308 1073180672.00
1763808309 1073180672.00
1763808310 1073180672.00
1763808311 1073180672.00
1763808312 1073594368.00
1763808313 1073594368.00
1763808313 1073594368.00
1763808314 1073225728.00
1763808315 1073225728.00
1763808316 1073344512.00
1763808317 1073192960.00
1763808318 1073192960.00
1763808319 1073192960.00
1763808320 1073192960.00
1763808321 1073192960.00
1763808322 1073192960.00
1763808323 1073192960.00
1763808324 1073192960.00
1763808325 1073192960.00
1763808326 1073856512.00
1763808327 1073586176.00
1763808328 1073586176.00
