10000
9000
13000
10000
11000
12000
10000
9000
13000
10000
13000
8000
10000
15000
9000
11000
12000
13000
11000
13000
16000
12000
11000
8000
13000
11000
10000
13000
8000
11000
9000
12000
12000
11000
14000
9000
12000
11000
15000
14000
12000
13000
12000
12000
8000
13000
10000
13000
13000
9000
9000
8000
15000
13000
11000
12000
11000
12000
10000
12000
11000
14000
11000
11000
14000
17000
13000
10000
12000
12000
20000
11000
16000
13000
17000
10000
14000
9000
9300
15000
14000
10000
14000
11000
13000
12000
13000
12000
10000
15000
13000
15000
12000
13000
12000
17000
12000
17000
11000
15000
