1763807032 1.17
1763807033 1.21
1763807034 1.26
1763807035 1.37
1763807036 1.37
1763807037 1.39
1763807038 1.36
1763807039 1.40
1763807040 1.39
1763807041 1.38
1763807042 2.04
1763807042 2.04
1763807043 2.04
1763807044 2.39
1763807045 2.54
1763807046 2.60
1763807047 2.56
1763807048 2.54
1763807049 2.54
1763807050 2.54
1763807051 2.53
1763807051 2.53
1763807052 2.58
1763807053 2.56
1763807054 3.72
1763807055 3.68
1763807056 3.74
1763807057 3.76
1763807058 3.69
1763807059 3.67
1763807060 3.53
1763807061 3.50
1763807062 3.51
1763807063 3.52
1763807064 3.88
1763807064 3.88
1763807065 3.98
1763807066 4.56
1763807067 4.66
1763807068 4.52
1763807069 4.46
1763807070 3.76
1763807071 3.74
1763807072 3.68
1763807073 3.77
1763807074 3.69
1763807074 3.69
1763807075 3.69
1763807076 4.70
1763807077 4.93
1763807078 4.93
1763807079 4.92
1763807080 4.89
1763807081 4.92
1763807082 4.90
1763807083 4.98
1763807084 4.94
1763807085 4.89
1763807085 4.89
1763807086 5.81
1763807087 5.81
1763807088 6.13
1763807089 6.24
1763807090 6.18
1763807091 6.10
1763807092 6.15
1763807093 5.94
1763807094 5.92
1763807095 5.91
1763807096 6.06
1763807097 6.34
1763807097 6.34
1763807098 7.01
1763807099 7.01
1763807100 7.18
1763807101 6.48
1763807102 6.30
1763807103 6.15
1763807104 6.07
1763807105 6.06
1763807106 5.95
1763807107 6.32
1763807109 7.29
1763807110 7.28
1763807111 7.34
1763807112 7.14
1763807113 6.10
1763807114 6.13
1763807115 6.17
1763807116 6.02
1763807117 6.30
1763807118 6.13
1763807119 7.13
1763807120 7.13
1763807121 7.43
1763807122 7.25
1763807123 6.81
1763807124 6.40
1763807125 6.25
1763807126 6.33
1763807127 6.15
1763807128 6.14
1763807129 6.35
1763807130 6.21
1763807131 6.33
1763807132 5.24
1763807132 5.24
1763807133 5.89
1763807134 6.41
1763807135 6.38
1763807136 6.33
1763807137 6.29
1763807138 6.26
1763807139 6.15
1763807140 6.27
1763807141 6.26
1763807142 6.72
1763807142 6.72
1763807143 6.87
1763807144 7.29
1763807145 6.59
1763807146 6.45
1763807147 6.31
1763807148 6.30
1763807149 6.30
1763807150 6.30
1763807151 6.41
1763807152 6.31
1763807153 6.46
1763807154 6.25
1763807155 6.44
1763807155 6.44
1763807156 6.97
1763807157 6.48
1763807158 6.50
1763807159 6.36
1763807160 6.39
1763807161 6.55
1763807162 6.36
1763807163 7.05
1763807163 7.05
1763807164 7.44
1763807165 7.42
1763807166 7.42
1763807167 6.69
1763807168 6.50
1763807169 6.58
1763807170 6.58
1763807171 6.55
1763807172 6.51
1763807173 6.65
1763807173 6.65
1763807174 7.44
1763807175 7.62
1763807176 6.82
1763807177 6.77
1763807178 6.90
1763807179 6.63
1763807180 6.52
1763807181 6.54
1763807182 6.68
1763807183 6.64
1763807184 6.50
1763807185 6.68
1763807186 6.47
1763807187 6.69
1763807188 7.33
1763807188 7.33
1763807189 7.72
1763807190 7.38
1763807191 7.56
1763807192 7.33
1763807193 6.80
1763807194 6.84
1763807195 6.79
1763807196 6.74
1763807197 6.74
1763807197 6.74
1763807198 7.80
1763807199 7.47
1763807200 7.79
1763807201 7.64
1763807202 7.12
1763807203 6.99
1763807204 6.85
1763807205 7.00
1763807206 6.78
1763807207 6.79
1763807208 7.01
1763807208 7.01
1763807209 7.95
1763807210 8.23
1763807211 8.27
1763807212 8.32
1763807213 8.32
1763807214 7.81
1763807215 7.14
1763807216 6.88
1763807217 6.88
1763807218 6.90
1763807219 6.95
1763807220 6.97
1763807220 6.97
1763807221 7.96
1763807222 7.49
1763807223 7.12
1763807224 6.98
1763807225 6.98
1763807226 6.97
1763807227 6.99
1763807228 6.88
1763807229 6.98
1763807230 6.83
1763807231 7.01
1763807232 6.00
1763807233 5.90
1763807233 6.55
1763807234 6.45
1763807235 6.81
1763807236 6.88
1763807237 6.96
1763807238 6.96
1763807239 6.90
1763807240 7.06
1763807241 7.06
1763807242 6.94
1763807243 6.93
1763807244 7.03
1763807244 7.03
1763807245 8.08
1763807246 7.62
1763807247 7.65
1763807248 7.12
1763807249 6.86
1763807250 7.07
1763807251 6.83
1763807252 7.02
1763807253 6.94
1763807254 6.94
1763807255 6.95
1763807256 6.04
1763807257 6.64
1763807257 6.64
1763807258 6.50
1763807259 6.71
1763807260 6.85
1763807261 7.08
1763807262 6.94
1763807263 6.88
1763807264 7.10
1763807265 6.92
1763807266 6.95
1763807267 5.74
1763807268 5.84
1763807269 5.61
1763807270 5.61
1763807271 6.07
1763807272 6.21
1763807273 6.03
1763807268 5.84
1763807269 5.61
1763807270 5.61
1763807271 7.00
1763807272 7.17
1763807273 6.95
1763807274 7.02
1763807275 7.04
1763807276 7.15
1763807277 7.07
1763807278 7.08
1763807279 7.08
1763807280 5.93
1763807280 6.96
1763807281 6.93
1763807282 6.94
1763807283 6.97
1763807284 7.25
1763807285 7.11
1763807286 7.18
1763807287 7.35
1763807288 7.05
1763807289 7.20
1763807290 7.24
1763807291 7.24
1763807292 7.44
1763807293 7.32
1763807294 7.32
1763807295 7.40
1763807296 7.34
1763807297 7.53
1763807298 7.34
1763807299 7.52
1763807300 7.54
1763807301 8.45
1763807302 8.64
1763807303 8.89
1763807304 7.65
1763807305 7.61
1763807306 7.42
1763807307 7.36
1763807308 7.54
1763807309 7.46
1763807310 7.45
1763807311 7.58
1763807312 7.46
1763807313 7.58
1763807314 8.26
1763807314 8.26
1763807315 7.70
1763807316 8.06
1763807317 7.88
1763807318 7.76
1763807319 7.54
1763807320 7.54
1763807321 7.53
1763807322 7.62
1763807323 7.58
1763807324 7.58
1763807325 8.67
1763807325 8.67
1763807326 9.04
1763807327 9.26
1763807328 9.04
1763807329 8.86
1763807330 8.58
1763807331 7.73
1763807332 7.58
1763807333 7.73
1763807334 7.65
1763807335 7.69
1763807335 7.69
1763807336 9.00
1763807337 9.16
1763807338 8.32
1763807339 8.12
1763807340 7.95
1763807341 7.78
1763807342 7.82
1763807343 7.63
1763807344 7.65
1763807345 7.63
1763807346 7.95
1763807347 7.72
1763807348 8.04
1763807349 8.04
1763807350 8.15
1763807351 8.15
1763807352 7.93
1763807353 7.80
1763807354 7.68
1763807355 7.88
1763807356 7.95
1763807357 7.95
1763807357 8.76
1763807358 8.93
1763807359 9.08
1763807360 8.19
1763807361 7.89
1763807362 7.70
1763807363 7.89
1763807364 7.85
1763807365 7.69
1763807366 7.90
1763807367 7.89
1763807368 8.44
1763807369 8.60
1763807370 9.31
1763807371 9.32
1763807372 8.81
1763807373 8.61
1763807374 8.04
1763807375 8.04
1763807376 7.99
1763807377 7.85
1763807378 7.89
1763807378 7.89
1763807379 7.87
1763807380 9.28
1763807381 9.44
1763807382 9.54
1763807383 8.31
1763807384 8.47
1763807385 8.03
1763807386 8.22
1763807387 7.97
1763807388 7.99
1763807389 7.99
1763807390 8.45
1763807390 8.45
1763807391 9.33
1763807392 8.22
1763807393 8.29
1763807394 8.49
1763807395 8.26
1763807396 8.25
1763807397 8.16
1763807398 7.98
1763807399 8.16
1763807400 8.08
1763807401 8.26
1763807402 8.96
1763807402 8.96
1763807403 9.58
1763807404 9.58
1763807405 9.74
1763807406 9.74
1763807407 9.41
1763807408 8.46
1763807409 8.31
1763807410 8.34
1763807411 8.10
1763807412 8.27
1763807413 8.15
1763807413 8.15
1763807414 9.53
1763807415 9.55
1763807416 8.76
1763807417 8.29
1763807418 8.22
1763807419 8.22
1763807420 8.22
1763807421 8.26
1763807422 8.26
1763807423 8.26
1763807424 8.20
1763807425 8.43
1763807426 8.22
1763807427 7.54
1763807427 7.54
1763807428 8.23
1763807429 8.24
1763807430 8.25
1763807431 8.44
1763807432 8.17
1763807433 8.23
1763807434 8.41
1763807435 8.33
1763807436 9.06
1763807436 9.06
1763807437 9.06
1763807438 9.75
1763807439 8.48
1763807440 8.53
1763807441 8.26
1763807442 8.43
1763807443 8.41
1763807444 8.41
1763807445 8.30
1763807446 8.40
1763807447 8.87
1763807448 8.57
1763807448 8.57
1763807449 9.16
1763807450 8.45
1763807451 8.52
1763807452 8.38
1763807453 8.49
1763807454 8.28
1763807455 8.56
1763807456 8.31
1763807457 8.50
1763807458 8.51
1763807459 8.32
1763807459 8.32
1763807460 7.73
1763807461 7.50
1763807462 8.59
1763807463 8.51
1763807464 8.40
1763807465 8.42
1763807466 8.42
1763807467 8.36
1763807468 8.32
1763807469 8.56
1763807470 8.37
1763807471 6.90
1763807472 6.98
1763807473 6.98
1763807474 7.37
1763807474 7.37
1763807475 8.13
1763807476 8.13
1763807477 8.29
1763807478 8.49
1763807479 8.35
1763807480 8.31
1763807481 8.47
1763807482 8.53
1763807483 8.38
1763807484 7.09
1763807485 7.07
1763807486 7.26
1763807487 7.06
1763807488 7.62
1763807488 7.62
1763807489 7.56
1763807490 8.44
1763807491 8.44
1763807492 8.39
1763807493 8.46
1763807494 8.29
1763807495 7.82
1763807496 6.99
1763807497 6.99
1763807498 6.75
1763807499 6.82
1763807500 7.38
1763807501 7.61
1763807502 8.19
1763807503 8.52
1763807504 8.52
1763807505 8.48
1763807506 8.00
1763807507 7.17
1763807508 7.03
1763807509 6.85
1763807510 6.85
1763807511 6.77
1763807512 6.77
1763807513 6.80
1763807514 6.90
1763807514 6.90
1763807515 8.52
1763807516 8.78
1763807517 8.50
1763807518 8.52
1763807519 7.86
1763807520 7.74
1763807521 7.74
1763807522 6.99
1763807523 6.87
1763807524 6.85
1763807525 7.04
1763807526 6.86
1763807526 6.86
1763807527 6.91
1763807528 6.95
1763807529 8.48
1763807530 8.73
1763807531 8.73
1763807532 8.04
1763807533 8.04
1763807534 7.20
1763807535 7.06
1763807536 7.06
1763807537 7.67
1763807538 8.29
1763807538 8.29
1763807539 8.46
1763807540 8.64
1763807541 8.80
1763807542 9.03
1763807543 8.73
1763807544 8.82
1763807545 8.90
1763807546 9.59
1763807546 9.59
1763807547 9.04
1763807548 9.08
1763807549 9.05
1763807550 8.92
1763807551 9.07
1763807552 8.98
1763807553 8.82
1763807554 9.12
1763807555 8.92
1763807556 9.04
1763807557 8.84
1763807558 9.01
1763807559 9.24
1763807559 9.24
1763807560 9.19
1763807561 9.15
1763807562 9.16
1763807563 8.93
1763807564 9.01
1763807565 9.05
1763807566 9.05
1763807567 8.99
1763807568 9.16
1763807569 9.08
1763807569 9.08
1763807570 9.26
1763807571 9.10
1763807572 9.09
1763807573 9.30
1763807574 9.00
1763807575 9.29
1763807576 9.02
1763807577 9.19
1763807578 9.35
1763807579 9.06
1763807580 9.29
1763807581 9.21
1763807582 9.62
1763807582 9.62
1763807583 10.47
1763807584 9.18
1763807585 9.34
1763807586 9.19
1763807587 9.35
1763807588 9.22
1763807589 9.39
1763807590 9.13
1763807591 9.42
1763807592 9.44
1763807593 9.20
1763807594 9.39
1763807595 9.38
1763807596 9.38
1763807597 9.59
1763807598 9.55
1763807599 9.45
1763807600 9.45
1763807601 9.52
1763807602 9.23
1763807603 9.30
1763807604 9.42
1763807605 9.67
1763807605 9.67
1763807606 9.22
1763807607 9.46
1763807608 9.33
1763807609 9.30
1763807610 9.62
1763807611 9.33
1763807612 9.50
1763807613 9.42
1763807614 9.41
1763807615 9.55
1763807616 9.40
1763807617 8.63
1763807618 8.63
1763807619 7.88
1763807620 7.89
1763807621 7.85
1763807622 7.62
1763807623 7.77
1763807623 7.77
1763807624 7.77
1763807625 7.86
1763807626 9.49
1763807627 9.65
1763807628 9.65
1763807629 9.26
1763807630 9.26
1763807631 7.85
1763807632 7.97
1763807633 7.79
1763807634 7.83
1763807635 7.83
1763807636 7.76
1763807637 8.03
1763807638 7.82
1763807638 7.82
1763807639 7.68
1763807640 7.72
1763807641 6.80
1763807642 6.64
1763807643 6.24
1763807644 6.26
1763807645 6.12
1763807646 6.33
1763807647 6.13
1763807648 6.31
1763807649 6.10
1763807650 6.26
1763807651 7.41
1763807651 7.41
1763807652 8.11
1763807653 7.77
1763807654 7.61
1763807655 6.62
1763807656 6.43
1763807657 6.40
1763807658 6.28
1763807659 6.43
1763807660 6.32
1763807661 6.43
1763807662 7.45
1763807662 7.45
1763807663 7.80
1763807664 6.90
1763807665 6.57
1763807666 6.38
1763807667 6.49
1763807668 6.46
1763807669 6.56
1763807670 6.44
1763807671 6.48
1763807672 6.30
1763807673 6.48
1763807674 7.01
1763807674 7.01
1763807675 7.62
1763807676 7.86
1763807677 8.10
1763807678 8.05
1763807679 8.15
1763807680 8.08
1763807681 8.33
1763807682 7.25
1763807683 7.25
1763807684 7.70
1763807685 7.55
1763807685 8.71
1763807686 7.96
1763807687 8.18
1763807688 8.18
1763807689 8.14
1763807690 8.31
1763807691 8.03
1763807692 8.22
1763807693 8.13
1763807694 8.20
1763807695 8.20
1763807696 8.34
1763807697 8.34
1763807697 9.23
1763807698 9.45
1763807699 9.61
1763807700 9.87
1763807701 9.87
1763807702 9.93
1763807703 9.64
1763807704 9.86
1763807705 9.97
1763807706 9.80
1763807707 9.93
1763807707 9.93
1763807708 11.47
1763807709 10.63
1763807710 10.45
1763807711 10.04
1763807712 9.79
1763807713 9.79
1763807714 9.91
1763807715 9.65
1763807716 9.94
1763807717 9.65
1763807718 10.00
1763807719 10.90
1763807719 10.90
1763807720 10.36
1763807721 10.33
1763807722 10.03
1763807723 9.78
1763807724 9.91
1763807725 9.74
1763807726 9.82
1763807727 9.66
1763807728 9.77
1763807729 9.95
1763807730 10.53
1763807730 10.53
1763807731 11.50
1763807732 11.20
1763807733 11.07
1763807734 10.29
1763807735 10.12
1763807736 9.77
1763807737 9.94
1763807738 9.81
1763807739 9.89
1763807740 9.47
1763807741 9.44
1763807742 9.64
1763807743 9.35
1763807744 9.00
1763807745 9.70
1763807746 9.89
1763807747 10.14
1763807748 10.14
1763807749 10.20
1763807750 9.91
1763807751 10.28
1763807752 9.99
1763807753 10.21
1763807754 10.04
1763807755 10.10
1763807756 9.85
1763807756 9.85
1763807757 9.70
1763807758 10.30
1763807759 10.31
1763807760 10.27
1763807761 10.27
1763807762 10.25
1763807763 10.27
1763807764 10.44
1763807765 10.40
1763807766 11.19
1763807767 11.41
1763807767 11.92
1763807768 10.24
1763807769 10.32
1763807770 10.55
1763807771 10.55
1763807772 10.64
1763807773 10.31
1763807774 10.58
1763807775 10.68
1763807776 10.50
1763807777 9.28
1763807778 9.28
1763807779 8.64
1763807780 9.29
1763807781 10.04
1763807781 10.04
1763807782 10.04
1763807783 10.66
1763807784 10.66
1763807785 10.74
1763807786 10.74
1763807787 10.62
1763807788 10.37
1763807789 9.80
1763807790 8.89
1763807791 8.74
1763807792 8.74
1763807793 8.71
1763807794 8.84
1763807795 8.61
1763807796 8.88
1763807797 8.65
1763807798 8.78
1763807798 8.78
1763807799 8.63
1763807800 8.66
1763807801 7.93
1763807802 8.00
1763807803 10.12
1763807804 9.09
1763807805 9.08
1763807806 8.87
1763807807 8.85
1763807808 8.85
1763807809 8.93
1763807810 9.19
1763807811 8.90
1763807811 8.90
1763807812 10.36
1763807813 10.73
1763807814 10.73
1763807815 10.02
1763807816 9.24
1763807817 9.01
1763807818 8.80
1763807819 9.03
1763807820 9.14
1763807821 8.99
1763807822 10.78
1763807823 11.09
1763807824 11.13
1763807825 10.20
1763807826 9.65
1763807827 9.45
1763807828 9.45
1763807829 9.23
1763807830 9.18
1763807831 9.18
1763807832 9.21
1763807833 9.77
1763807834 9.94
1763807834 9.94
1763807835 11.14
1763807836 11.14
1763807837 11.55
1763807838 11.34
1763807839 10.49
1763807840 9.96
1763807841 9.42
1763807842 9.42
1763807843 9.35
1763807844 9.14
1763807845 9.97
1763807846 9.97
1763807846 9.97
1763807847 11.11
1763807848 11.25
1763807849 11.21
1763807850 11.23
1763807851 11.50
1763807852 11.38
1763807853 11.71
1763807854 11.34
1763807855 8.96
1763807856 9.13
1763807857 9.00
1763807858 9.16
1763807859 9.07
1763807860 9.04
1763807861 9.10
1763807862 9.10
1763807863 9.04
1763807864 9.11
1763807865 8.95
1763807866 9.05
1763807866 9.05
1763807867 9.03
1763807868 8.99
1763807869 7.49
1763807870 7.67
1763807871 7.43
1763807872 7.09
1763807873 7.09
1763807874 6.94
1763807875 7.07
1763807876 7.92
1763807877 8.08
1763807877 8.08
1763807878 7.11
1763807879 7.24
1763807880 7.41
1763807881 7.27
1763807882 7.11
1763807883 6.96
1763807884 6.83
1763807885 7.04
1763807886 6.82
1763807887 6.99
1763807888 6.72
1763807889 6.92
1763807890 6.93
1763807891 7.10
1763807892 6.64
1763807893 6.43
1763807893 6.43
1763807894 7.21
1763807895 7.02
1763807896 7.03
1763807897 7.16
1763807898 7.11
1763807899 7.13
1763807900 7.03
1763807901 7.04
1763807902 7.04
1763807903 7.05
1763807904 6.52
1763807905 6.48
1763807906 6.48
1763807906 6.48
1763807907 7.03
1763807908 6.97
1763807909 7.15
1763807910 7.15
1763807911 7.15
1763807912 7.16
1763807913 7.16
1763807914 7.15
1763807915 7.24
1763807916 7.04
1763807917 7.22
1763807918 6.98
1763807919 7.28
1763807920 7.11
1763807921 7.17
1763807922 7.68
1763807923 8.54
1763807923 8.54
1763807924 9.22
1763807925 9.22
1763807926 9.38
1763807927 9.27
1763807928 9.18
1763807929 9.49
1763807930 9.20
1763807931 9.25
1763807932 9.29
1763807933 9.13
1763807933 9.13
1763807934 10.29
1763807935 10.26
1763807936 9.54
1763807937 9.30
1763807938 9.15
1763807939 9.15
1763807940 9.15
1763807941 9.21
1763807942 9.04
1763807943 8.98
1763807944 9.26
1763807945 9.06
1763807946 9.28
1763807947 10.29
1763807947 10.29
1763807948 10.58
1763807949 10.94
1763807950 10.89
1763807951 10.14
1763807952 9.96
1763807953 8.97
1763807954 8.99
1763807955 9.16
1763807956 10.14
1763807956 10.14
1763807957 10.14
1763807958 10.77
1763807959 10.89
1763807960 11.24
1763807961 11.20
1763807962 10.91
1763807963 10.96
1763807964 9.84
1763807965 9.16
1763807966 9.16
1763807967 8.97
1763807968 8.78
1763807969 8.77
1763807970 9.04
1763807971 8.73
1763807972 8.93
1763807973 8.96
1763807974 8.80
1763807975 8.85
1763807976 8.97
1763807977 8.97
1763807978 8.41
1763807979 8.41
1763807980 8.31
1763807981 8.31
1763807982 7.37
1763807983 6.86
1763807984 6.61
1763807985 6.65
1763807986 6.65
1763807987 6.65
1763807988 4.67
1763807989 4.63
1763807990 4.71
1763807991 4.66
1763807992 4.71
1763807993 4.64
1763807994 4.43
1763807995 4.40
1763807996 4.40
1763807997 4.42
1763807998 4.37
1763807999 4.45
1763808000 4.44
1763808001 4.35
1763808002 4.39
1763808003 3.16
1763808004 3.10
1763808005 3.14
1763808006 3.14
1763808007 2.46
1763808008 2.42
1763808009 2.23
1763808010 2.19
1763808011 2.17
1763808012 2.20
1763808013 2.21
1763808014 1.83
1763808015 0.91
1763808016 0.21
1763808017 0.21
1763808018 0.00
1763808019 0.00
1763808020 0.00
1763808021 0.00
1763808022 0.00
1763808023 0.00
1763808024 0.00
1763808025 0.00
1763808026 0.00
1763808027 0.00
1763808028 0.00
1763808029 0.00
1763808030 0.00
1763808031 0.00
1763808032 0.00
1763808033 0.00
1763808034 0.00
1763808035 0.00
1763808036 0.00
1763808037 0.00
1763808038 0.00
1763808039 0.00
1763808040 0.00
1763808041 0.00
1763808042 0.00
1763808043 0.00
1763808044 0.00
1763808045 0.00
1763808046 0.00
1763808047 0.00
1763808048 0.00
1763808049 0.00
1763808050 0.00
1763808051 0.00
1763808052 0.00
1763808053 0.00
1763808054 0.26
1763808055 0.27
1763808056 0.26
1763808057 0.27
1763808058 0.27
1763808059 0.27
1763808060 0.27
1763808061 0.26
1763808062 0.27
1763808063 0.47
1763808064 1.23
1763808065 1.28
1763808065 2.11
1763808066 2.11
1763808067 2.55
1763808068 2.64
1763808069 2.56
1763808070 2.63
1763808071 2.59
1763808072 2.60
1763808073 2.65
1763808074 2.58
1763808075 2.63
1763808076 2.61
1763808077 3.02
1763808078 3.07
1763808079 4.25
1763808079 4.25
1763808080 4.25
1763808081 4.73
1763808082 4.91
1763808083 5.00
1763808084 4.96
1763808085 4.96
1763808086 4.91
1763808087 5.00
1763808088 4.96
1763808089 6.74
1763808089 6.74
1763808090 6.89
1763808091 7.13
1763808092 7.28
1763808093 7.28
1763808094 7.26
1763808095 7.39
1763808096 7.36
1763808097 7.36
1763808098 7.36
1763808099 7.20
1763808100 7.25
1763808101 7.56
1763808102 7.56
1763808103 8.84
1763808103 8.84
1763808104 9.36
1763808105 9.66
1763808106 9.55
1763808107 9.76
1763808108 9.70
1763808109 9.48
1763808110 9.30
1763808111 9.46
1763808112 9.43
1763808113 9.44
1763808114 9.56
1763808114 9.56
1763808115 9.86
1763808116 10.18
1763808117 11.72
1763808118 11.73
1763808119 11.88
1763808120 11.88
1763808121 11.64
1763808122 11.64
1763808123 10.71
1763808124 10.09
1763808125 9.66
1763808126 10.17
1763808127 10.47
1763808128 11.47
1763808129 11.83
1763808130 11.74
1763808131 11.98
1763808132 11.93
1763808133 11.70
1763808134 11.63
1763808135 11.68
1763808136 11.45
1763808137 10.40
1763808138 10.19
1763808139 9.99
1763808140 10.79
1763808140 10.79
1763808141 11.42
1763808142 11.79
1763808143 11.79
1763808144 11.96
1763808145 11.82
1763808146 11.95
1763808147 11.95
1763808148 11.87
1763808149 9.95
1763808150 9.63
1763808151 10.14
1763808152 10.48
1763808153 10.25
1763808153 11.33
1763808154 11.64
1763808155 11.83
1763808156 12.16
1763808157 12.11
1763808158 11.80
1763808159 12.01
1763808160 11.77
1763808161 10.33
1763808162 10.49
1763808163 9.84
1763808164 10.22
1763808165 10.40
1763808166 11.67
1763808167 11.67
1763808168 11.87
1763808169 11.90
1763808170 12.15
1763808171 11.87
1763808172 11.41
1763808173 11.33
1763808174 11.69
1763808175 11.07
1763808176 10.81
1763808176 12.01
1763808177 11.32
1763808178 11.82
1763808179 11.76
1763808180 12.04
1763808181 11.94
1763808182 11.97
1763808183 12.23
1763808184 11.89
1763808185 11.20
1763808186 9.76
1763808187 9.94
1763808188 9.67
1763808189 9.88
1763808190 10.85
1763808191 10.85
1763808191 10.85
1763808192 11.68
1763808193 11.81
1763808194 11.84
1763808195 11.90
1763808196 12.23
1763808197 11.87
1763808198 10.92
1763808199 10.76
1763808200 9.93
1763808201 9.82
1763808202 9.67
1763808203 9.84
1763808204 10.71
1763808204 10.71
1763808205 11.64
1763808206 11.96
1763808207 11.91
1763808208 12.02
1763808209 11.74
1763808210 11.42
1763808211 10.33
1763808212 10.09
1763808213 9.84
1763808214 9.46
1763808215 9.73
1763808216 9.55
1763808217 9.60
1763808218 10.70
1763808219 11.23
1763808219 11.23
1763808220 11.52
1763808221 12.01
1763808222 11.91
1763808223 11.51
1763808224 10.07
1763808225 9.93
1763808226 9.80
1763808227 9.69
1763808228 9.88
1763808229 10.23
1763808230 10.78
1763808231 10.79
1763808231 10.79
1763808232 11.98
1763808233 11.73
1763808234 10.59
1763808235 10.51
1763808236 9.96
1763808237 9.96
1763808238 9.81
1763808239 9.81
1763808240 9.75
1763808241 9.70
1763808242 9.97
1763808243 10.64
1763808244 11.42
1763808244 11.42
1763808245 12.08
1763808246 12.44
1763808247 12.21
1763808248 12.05
1763808249 11.13
1763808250 10.18
1763808251 10.18
1763808252 10.07
1763808253 9.81
1763808254 10.46
1763808255 10.79
1763808256 10.51
1763808256 11.65
1763808257 12.01
1763808258 12.19
1763808259 12.32
1763808260 12.57
1763808261 12.32
1763808262 11.32
1763808263 11.08
1763808264 10.39
1763808265 10.10
1763808266 9.93
1763808267 10.16
1763808268 10.14
1763808269 10.15
1763808270 10.15
1763808271 10.07
1763808272 11.36
1763808273 11.58
1763808273 11.58
1763808274 12.54
1763808275 12.32
1763808276 11.79
1763808277 11.45
1763808278 10.92
1763808279 10.52
1763808280 10.22
1763808281 10.20
1763808282 10.22
1763808283 10.22
1763808284 10.96
1763808285 11.16
1763808285 11.16
1763808286 12.32
1763808287 12.04
1763808288 12.24
1763808289 11.50
1763808290 10.55
1763808291 10.36
1763808292 10.27
1763808293 10.25
1763808294 10.25
1763808295 10.29
1763808296 10.40
1763808297 10.23
1763808298 10.35
1763808299 10.19
1763808300 10.73
1763808301 10.06
1763808302 10.99
1763808302 10.99
1763808303 10.91
1763808304 10.50
1763808305 10.50
1763808306 10.39
1763808307 10.45
1763808308 10.26
1763808309 10.56
1763808310 10.48
1763808311 10.62
1763808312 11.81
1763808313 11.42
1763808313 11.42
1763808314 11.14
1763808315 11.14
1763808316 10.84
1763808317 10.56
1763808318 10.68
1763808319 10.41
1763808320 10.43
1763808321 10.50
1763808322 10.74
1763808323 10.72
1763808324 10.44
1763808325 10.62
1763808326 11.00
1763808327 11.55
1763808328 11.80
